0.000000e+00 -1.204688e-02 -1.427800e-02 
1.000000e+00 -1.435577e-02 -1.440707e-02 
2.000000e+00 -1.538642e-02 -2.054498e-02 
3.000000e+00 -1.724611e-02 -1.843552e-02 
4.000000e+00 -1.461476e-02 -1.720110e-02 
5.000000e+00 -1.421383e-02 -1.726871e-02 
6.000000e+00 -1.677301e-02 -1.685959e-02 
7.000000e+00 -1.398357e-02 -1.765032e-02 
8.000000e+00 -9.982463e-03 -2.620409e-02 
9.000000e+00 -1.225264e-02 -1.860078e-02 
1.000000e+01 -1.956449e-02 -2.783885e-02 
1.100000e+01 -2.907809e-02 -3.698904e-02 
1.200000e+01 -2.120823e-02 -2.874725e-02 
1.300000e+01 -1.949410e-02 -3.081358e-02 
1.400000e+01 -2.295416e-02 -3.655256e-02 
1.500000e+01 -2.882886e-03 -3.190533e-02 
1.600000e+01 -1.697279e-02 -2.471895e-02 
1.700000e+01 -2.262384e-02 -1.987825e-02 
1.800000e+01 -2.730535e-02 -2.644070e-02 
1.900000e+01 -1.523294e-02 -8.761096e-03 
2.000000e+01 -1.790465e-02 -1.824978e-02 
2.100000e+01 -6.905822e-03 -1.405239e-02 
2.200000e+01 -7.888057e-03 -2.372898e-02 
2.300000e+01 -1.028272e-02 -1.813529e-02 
2.400000e+01 -1.338743e-02 -1.673889e-02 
2.500000e+01 -5.003059e-03 -1.316894e-02 
2.600000e+01 -8.177114e-03 2.856772e-03 
2.700000e+01 1.386935e-02 6.434873e-06 
2.800000e+01 6.775901e-03 -1.110126e-02 
2.900000e+01 9.164017e-05 -9.508348e-03 
3.000000e+01 2.926531e-03 -9.837395e-03 
3.100000e+01 -1.597357e-02 2.630179e-03 
3.200000e+01 -9.059292e-03 -3.733157e-03 
3.300000e+01 -7.797411e-03 1.084266e-02 
3.400000e+01 -1.155867e-02 7.845935e-03 
3.500000e+01 -5.408928e-03 -2.374808e-03 
3.600000e+01 -1.135967e-02 3.811404e-03 
3.700000e+01 -1.164306e-03 -5.384232e-03 
3.800000e+01 -4.241373e-03 -7.868583e-04 
3.900000e+01 3.902222e-03 -1.156631e-02 
4.000000e+01 3.057094e-03 -7.129194e-03 
4.100000e+01 1.499054e-03 -1.259858e-02 
4.200000e+01 -1.727991e-03 -3.994461e-04 
4.300000e+01 2.118775e-03 -2.530165e-03 
4.400000e+01 3.097559e-03 -1.271988e-02 
4.500000e+01 8.398687e-04 -5.127748e-03 
4.600000e+01 2.923566e-03 -2.643277e-03 
4.700000e+01 -4.860354e-04 -8.847049e-03 
4.800000e+01 4.879389e-03 -6.780295e-03 
4.900000e+01 5.530336e-03 -4.006445e-03 
5.000000e+01 5.303069e-03 3.354267e-04 
5.100000e+01 6.294774e-03 -5.824425e-03 
5.200000e+01 -7.277584e-04 -4.461653e-03 
5.300000e+01 4.663789e-03 -2.350838e-03 
5.400000e+01 5.819032e-03 -6.178608e-03 
5.500000e+01 8.893593e-03 -9.337827e-03 
5.600000e+01 4.340850e-03 -5.529077e-03 
5.700000e+01 6.358825e-04 -5.992516e-03 
5.800000e+01 1.102601e-02 -3.832006e-03 
5.900000e+01 5.253287e-03 -2.719677e-04 
6.000000e+01 -1.799456e-03 -2.425324e-03 
6.100000e+01 -2.386878e-03 -3.648579e-03 
6.200000e+01 -1.529466e-03 -2.568858e-03 
6.300000e+01 -3.199516e-03 -1.360737e-02 
6.400000e+01 5.426987e-03 -5.333820e-03 
6.500000e+01 7.549275e-03 -7.772327e-03 
6.600000e+01 3.355147e-03 -6.271085e-03 
6.700000e+01 1.489349e-03 -8.485550e-03 
6.800000e+01 7.000383e-04 -2.643889e-03 
6.900000e+01 -1.897528e-03 -4.071005e-03 
7.000000e+01 -5.263929e-04 2.035305e-04 
7.100000e+01 3.907302e-03 -2.720198e-03 
7.200000e+01 5.920679e-03 4.571575e-03 
7.300000e+01 1.054235e-03 7.779709e-04 
7.400000e+01 -4.691457e-04 4.332191e-03 
7.500000e+01 6.091689e-04 -6.438906e-03 
7.600000e+01 3.349382e-04 -1.022499e-02 
7.700000e+01 2.276194e-03 -8.951419e-03 
7.800000e+01 5.286222e-03 -5.284197e-03 
7.900000e+01 -4.162363e-03 7.153457e-03 
8.000000e+01 -4.719653e-03 1.620440e-03 
8.100000e+01 -3.138380e-04 -2.010576e-03 
8.200000e+01 1.718226e-03 1.379690e-03 
8.300000e+01 5.523345e-03 -3.320911e-03 
8.400000e+01 -2.772022e-03 6.092569e-03 
8.500000e+01 1.808950e-04 4.164797e-03 
8.600000e+01 3.119962e-03 2.356116e-03 
8.700000e+01 5.284058e-03 -3.270697e-03 
8.800000e+01 1.443632e-03 -4.472344e-03 
8.900000e+01 -1.367220e-03 -1.816723e-03 
9.000000e+01 -3.655670e-03 -6.022232e-05 
9.100000e+01 -2.233705e-03 2.607242e-03 
9.200000e+01 3.277206e-03 -7.499252e-03 
9.300000e+01 4.087170e-03 -3.923587e-03 
9.400000e+01 -2.708459e-03 -1.477412e-02 
9.500000e+01 -5.346307e-03 -1.162696e-02 
9.600000e+01 -6.056001e-03 -4.597488e-03 
9.700000e+01 -4.679550e-03 -7.625734e-03 
9.800000e+01 2.377312e-03 -2.000033e-03 
9.900000e+01 2.638826e-03 -4.149002e-03 
1.000000e+02 -2.947093e-03 -3.340949e-03 
1.010000e+02 -4.336295e-04 2.462888e-03 
1.020000e+02 2.534271e-03 -7.541747e-03 
1.030000e+02 7.531820e-03 -9.979045e-03 
1.040000e+02 -2.148531e-03 -4.158850e-03 
1.050000e+02 -5.544989e-03 8.605090e-03 
1.060000e+02 6.650535e-03 -4.672293e-03 
1.070000e+02 1.045816e-02 -2.132407e-03 
1.080000e+02 -1.099616e-03 1.168098e-03 
1.090000e+02 -1.129915e-03 -1.297635e-03 
1.100000e+02 6.441765e-03 -2.536111e-03 
1.110000e+02 4.182752e-03 2.295079e-03 
1.120000e+02 1.438884e-03 1.652793e-03 
1.130000e+02 9.399865e-04 -6.456557e-03 
1.140000e+02 1.290888e-03 -6.413533e-03 
1.150000e+02 9.042110e-05 -2.585561e-03 
1.160000e+02 3.264704e-03 1.322321e-03 
1.170000e+02 5.088176e-03 -1.142633e-03 
1.180000e+02 -2.975546e-03 1.609528e-03 
1.190000e+02 3.639904e-03 1.602114e-03 
1.200000e+02 4.840512e-03 -5.032038e-03 
1.210000e+02 4.564200e-03 -6.781818e-03 
1.220000e+02 -3.535704e-03 -8.600416e-03 
1.230000e+02 -3.248020e-03 3.903438e-03 
1.240000e+02 4.560983e-03 -2.063518e-03 
1.250000e+02 -7.523033e-03 2.827870e-04 
1.260000e+02 -5.815072e-03 -2.477212e-03 
1.270000e+02 -1.965536e-03 -8.810440e-03 
1.280000e+02 2.212596e-04 -9.094186e-03 
1.290000e+02 2.000772e-03 -8.800361e-03 
1.300000e+02 -3.602497e-04 -2.619433e-03 
1.310000e+02 4.488557e-03 4.632621e-03 
1.320000e+02 -3.634823e-03 -4.183401e-03 
1.330000e+02 -2.409007e-03 -2.638023e-03 
1.340000e+02 4.553372e-03 -1.045435e-02 
1.350000e+02 2.676948e-03 -7.127744e-03 
1.360000e+02 -4.382824e-03 -2.728281e-03 
1.370000e+02 -3.873523e-03 -4.558069e-03 
1.380000e+02 -1.959146e-03 -5.991263e-03 
1.390000e+02 -2.002164e-03 2.443338e-03 
1.400000e+02 3.715267e-03 -3.940952e-03 
1.410000e+02 -7.573983e-04 2.566946e-03 
1.420000e+02 1.206645e-02 -4.650155e-04 
1.430000e+02 -6.112610e-04 -2.835465e-03 
1.440000e+02 3.802543e-03 1.793612e-04 
1.450000e+02 3.071362e-03 -5.377990e-03 
1.460000e+02 6.470399e-03 -3.390461e-03 
1.470000e+02 -4.172354e-04 -2.371266e-03 
1.480000e+02 -2.143205e-03 4.633070e-03 
1.490000e+02 -9.022955e-04 -4.811061e-03 
1.500000e+02 -3.046180e-03 5.140252e-03 
1.510000e+02 -3.375795e-03 6.717722e-03 
1.520000e+02 2.692775e-03 4.964050e-03 
1.530000e+02 -8.144933e-04 -2.594143e-03 
1.540000e+02 2.829963e-03 4.002605e-03 
1.550000e+02 1.695502e-03 -4.741943e-03 
1.560000e+02 9.037286e-04 2.571943e-04 
1.570000e+02 1.499174e-03 1.731725e-03 
1.580000e+02 -2.917800e-03 5.756088e-03 
1.590000e+02 8.211251e-03 1.107987e-03 
1.600000e+02 2.284126e-03 3.947655e-03 
1.610000e+02 8.786239e-03 1.150592e-03 
1.620000e+02 -1.343476e-03 3.882957e-04 
1.630000e+02 8.990383e-03 8.676190e-04 
1.640000e+02 1.838935e-02 -4.652651e-03 
1.650000e+02 1.168732e-02 2.871894e-03 
1.660000e+02 8.250543e-03 5.747391e-03 
1.670000e+02 5.240614e-03 3.437688e-03 
1.680000e+02 3.993055e-03 5.500798e-03 
1.690000e+02 3.375642e-03 1.184842e-02 
1.700000e+02 6.478793e-03 7.810325e-03 
1.710000e+02 8.960411e-03 6.592497e-03 
1.720000e+02 -3.833519e-04 6.355179e-03 
1.730000e+02 9.393262e-03 9.570087e-03 
1.740000e+02 9.532542e-03 -4.105424e-04 
1.750000e+02 7.167524e-03 -1.825993e-03 
1.760000e+02 9.581090e-03 9.437434e-05 
1.770000e+02 -3.434649e-04 3.866994e-03 
1.780000e+02 -1.800154e-03 1.347762e-02 
1.790000e+02 -9.282387e-03 -3.429151e-03 
1.800000e+02 -2.904486e-03 7.793894e-03 
1.810000e+02 -3.607909e-03 4.429994e-03 
1.820000e+02 9.487133e-03 2.418852e-03 
1.830000e+02 5.127904e-03 1.355269e-03 
1.840000e+02 3.620236e-03 -3.548371e-03 
1.850000e+02 5.427358e-03 -7.213221e-03 
1.860000e+02 7.593615e-03 -1.991376e-03 
1.870000e+02 -1.532844e-03 3.040710e-03 
1.880000e+02 4.128544e-04 1.075112e-02 
1.890000e+02 3.976968e-03 -1.344781e-03 
1.900000e+02 3.484642e-03 -2.046504e-03 
1.910000e+02 6.665233e-03 -2.314688e-03 
1.920000e+02 9.737955e-03 4.677766e-03 
1.930000e+02 4.194025e-03 -1.534996e-03 
1.940000e+02 6.767908e-03 -9.355893e-03 
1.950000e+02 -2.141409e-03 6.173445e-04 
1.960000e+02 3.337400e-03 8.999591e-06 
1.970000e+02 -1.075905e-02 -6.277286e-03 
1.980000e+02 -2.000524e-03 6.354082e-05 
1.990000e+02 2.894960e-03 -2.321170e-03 
2.000000e+02 8.679215e-04 3.965266e-03 
2.010000e+02 4.990140e-03 3.756918e-03 
2.020000e+02 -1.005020e-02 1.049670e-02 
2.030000e+02 1.900252e-03 1.374675e-02 
2.040000e+02 3.700983e-03 1.410617e-02 
2.050000e+02 1.263718e-02 1.795506e-03 
2.060000e+02 7.019443e-03 -3.387953e-03 
2.070000e+02 -6.057961e-03 -3.519810e-03 
2.080000e+02 -6.957013e-03 -5.581966e-03 
2.090000e+02 5.647990e-05 -1.016579e-02 
2.100000e+02 -6.704537e-03 1.408686e-03 
2.110000e+02 -3.657691e-03 2.158223e-03 
2.120000e+02 -9.456230e-03 -2.096746e-03 
2.130000e+02 -4.707891e-03 2.182517e-03 
2.140000e+02 -3.418271e-03 5.009312e-03 
2.150000e+02 -3.036645e-03 -4.094619e-04 
2.160000e+02 1.763706e-03 -2.323832e-03 
2.170000e+02 -2.637593e-03 -6.507486e-03 
2.180000e+02 6.625760e-03 -3.518765e-03 
2.190000e+02 -2.677002e-03 2.442577e-03 
2.200000e+02 3.322475e-03 2.204385e-03 
2.210000e+02 6.452942e-03 1.072223e-02 
2.220000e+02 -2.099654e-03 -2.855216e-03 
2.230000e+02 -8.183550e-03 2.271874e-03 
2.240000e+02 5.052191e-03 -1.911834e-04 
2.250000e+02 -3.148274e-03 5.085717e-03 
2.260000e+02 -7.594651e-03 1.339261e-02 
2.270000e+02 -5.385628e-03 4.942530e-03 
2.280000e+02 -5.268339e-03 -1.732473e-03 
2.290000e+02 5.582965e-04 8.654515e-03 
2.300000e+02 3.905629e-03 3.366920e-03 
2.310000e+02 -4.765962e-03 7.068758e-03 
2.320000e+02 7.615488e-03 -1.843293e-03 
2.330000e+02 -2.154466e-03 2.184956e-02 
2.340000e+02 -5.381322e-03 1.047182e-02 
2.350000e+02 -6.186831e-03 1.244792e-02 
2.360000e+02 7.024208e-03 2.999614e-02 
2.370000e+02 1.036396e-02 2.681184e-02 
2.380000e+02 1.724085e-02 3.101216e-02 
2.390000e+02 1.719252e-02 1.796144e-02 
2.400000e+02 2.914748e-02 1.615281e-02 
2.410000e+02 2.864604e-02 2.347175e-02 
2.420000e+02 2.859952e-02 2.174819e-02 
2.430000e+02 1.079288e-02 2.397305e-02 
2.440000e+02 2.925929e-02 2.817864e-02 
2.450000e+02 1.543553e-02 2.562114e-02 
2.460000e+02 1.331519e-02 1.800436e-02 
2.470000e+02 1.573649e-02 1.866307e-02 
2.480000e+02 2.679150e-02 2.135697e-02 
2.490000e+02 2.393888e-02 9.685475e-03 
2.500000e+02 1.635807e-02 1.217072e-02 
2.510000e+02 1.005144e-02 8.443085e-03 
2.520000e+02 1.343396e-02 8.578428e-03 
2.530000e+02 1.243011e-02 1.703815e-02 
2.540000e+02 1.177317e-02 9.771332e-03 
2.550000e+02 1.060348e-02 1.054957e-02 
2.560000e+02 8.385218e-03 8.950347e-03 
