0.000000e+00 -7.517158e-03 -8.565420e-03 
1.000000e+00 -7.164477e-03 -7.996364e-03 
2.000000e+00 -7.788511e-03 -7.208351e-03 
3.000000e+00 -6.963692e-03 -7.304102e-03 
4.000000e+00 -6.856801e-03 -6.778139e-03 
5.000000e+00 -6.953371e-03 -7.083263e-03 
6.000000e+00 -5.631796e-03 -6.363679e-03 
7.000000e+00 -6.019724e-03 -6.448101e-03 
8.000000e+00 -5.893602e-03 -5.789799e-03 
9.000000e+00 -6.301695e-03 -5.551402e-03 
1.000000e+01 -5.014768e-03 -5.321874e-03 
1.100000e+01 -5.663316e-03 -5.641697e-03 
1.200000e+01 -5.494495e-03 -4.169490e-03 
1.300000e+01 -4.742697e-03 -4.481347e-03 
1.400000e+01 -4.940294e-03 -5.265206e-03 
1.500000e+01 -5.197585e-03 -5.339268e-03 
1.600000e+01 -4.257523e-03 -4.961996e-03 
1.700000e+01 -4.479890e-03 -4.676333e-03 
1.800000e+01 -4.289083e-03 -4.913258e-03 
1.900000e+01 -4.399341e-03 -4.162671e-03 
2.000000e+01 -4.216102e-03 -3.721992e-03 
2.100000e+01 -4.075554e-03 -3.937980e-03 
2.200000e+01 -3.645777e-03 -3.875984e-03 
2.300000e+01 -3.232884e-03 -2.888044e-03 
2.400000e+01 -3.360286e-03 -3.134665e-03 
2.500000e+01 -3.167656e-03 -2.998101e-03 
2.600000e+01 -2.449552e-03 -3.008579e-03 
2.700000e+01 -2.874114e-03 -2.622705e-03 
2.800000e+01 -2.790774e-03 -3.360902e-03 
2.900000e+01 -2.570766e-03 -3.234622e-03 
3.000000e+01 -2.849942e-03 -3.083888e-03 
3.100000e+01 -2.695402e-03 -3.076225e-03 
3.200000e+01 -2.792799e-03 -3.007390e-03 
3.300000e+01 -2.788870e-03 -2.695149e-03 
3.400000e+01 -2.746066e-03 -2.631120e-03 
3.500000e+01 -2.850752e-03 -2.387827e-03 
3.600000e+01 -2.911026e-03 -2.005070e-03 
3.700000e+01 -2.739615e-03 -1.921014e-03 
3.800000e+01 -2.302142e-03 -2.104702e-03 
3.900000e+01 -1.770836e-03 -1.832029e-03 
4.000000e+01 -1.832955e-03 -2.129540e-03 
4.100000e+01 -2.045308e-03 -2.412305e-03 
4.200000e+01 -2.051337e-03 -1.907471e-03 
4.300000e+01 -2.302409e-03 -1.791451e-03 
4.400000e+01 -2.353366e-03 -1.957737e-03 
4.500000e+01 -1.863049e-03 -2.184789e-03 
4.600000e+01 -2.108286e-03 -2.358776e-03 
4.700000e+01 -2.142286e-03 -1.856379e-03 
4.800000e+01 -2.080790e-03 -1.885517e-03 
4.900000e+01 -1.820337e-03 -1.492538e-03 
5.000000e+01 -1.627302e-03 -1.595926e-03 
5.100000e+01 -1.901937e-03 -1.394178e-03 
5.200000e+01 -1.545116e-03 -1.945534e-03 
5.300000e+01 -1.604008e-03 -1.855695e-03 
5.400000e+01 -2.115664e-03 -1.541643e-03 
5.500000e+01 -1.377972e-03 -1.802084e-03 
5.600000e+01 -1.535347e-03 -1.574199e-03 
5.700000e+01 -1.129033e-03 -1.621476e-03 
5.800000e+01 -1.439359e-03 -1.504879e-03 
5.900000e+01 -1.837109e-03 -1.333994e-03 
6.000000e+01 -1.492312e-03 -1.459183e-03 
6.100000e+01 -1.580928e-03 -1.759845e-03 
6.200000e+01 -1.297482e-03 -1.799716e-03 
6.300000e+01 -1.216131e-03 -1.323894e-03 
6.400000e+01 -1.334354e-03 -1.610112e-03 
6.500000e+01 -9.806058e-04 -1.532043e-03 
6.600000e+01 -8.756677e-04 -1.591016e-03 
6.700000e+01 -9.546114e-04 -1.805747e-03 
6.800000e+01 -1.218608e-03 -1.369567e-03 
6.900000e+01 -1.285580e-03 -1.558168e-03 
7.000000e+01 -1.290329e-03 -1.462466e-03 
7.100000e+01 -9.021594e-04 -1.454205e-03 
7.200000e+01 -1.348891e-03 -1.439465e-03 
7.300000e+01 -8.817159e-04 -1.443663e-03 
7.400000e+01 -1.013378e-03 -1.322364e-03 
7.500000e+01 -1.322530e-03 -8.812889e-04 
7.600000e+01 -6.064182e-04 -1.011370e-03 
7.700000e+01 -1.100861e-03 -7.733408e-04 
7.800000e+01 -7.410788e-04 -9.143747e-04 
7.900000e+01 -7.477683e-04 -9.017641e-04 
8.000000e+01 -4.668324e-04 -9.505040e-04 
8.100000e+01 -8.727615e-04 -8.283712e-04 
8.200000e+01 -5.497995e-04 -7.757080e-04 
8.300000e+01 -9.280324e-04 -7.843337e-04 
8.400000e+01 -8.874416e-04 -7.087556e-04 
8.500000e+01 -9.981106e-04 -6.680818e-04 
8.600000e+01 -7.591319e-04 -8.268343e-04 
8.700000e+01 -3.738667e-04 -9.429963e-04 
8.800000e+01 -4.812360e-04 -6.656978e-04 
8.900000e+01 -5.591063e-04 -1.011455e-03 
9.000000e+01 -9.993539e-04 -6.744284e-04 
9.100000e+01 -8.970064e-04 -5.232219e-04 
9.200000e+01 -4.387096e-04 -4.556147e-04 
9.300000e+01 -4.360602e-04 -7.538553e-04 
9.400000e+01 -6.044369e-04 -9.069336e-04 
9.500000e+01 -5.083594e-04 -7.147124e-04 
9.600000e+01 -7.811713e-04 -4.768132e-04 
9.700000e+01 -1.064782e-03 -5.071107e-04 
9.800000e+01 -1.100109e-03 -5.576398e-04 
9.900000e+01 -4.978176e-04 -6.767249e-04 
1.000000e+02 -2.954071e-04 -5.705903e-04 
1.010000e+02 -3.898239e-04 -4.418630e-04 
1.020000e+02 -2.485320e-04 -5.639523e-04 
1.030000e+02 -5.740570e-04 -8.200013e-04 
1.040000e+02 -1.051223e-03 -7.801226e-04 
1.050000e+02 -7.327571e-04 -5.427341e-04 
1.060000e+02 -9.324208e-04 -5.819908e-04 
1.070000e+02 -8.753318e-04 -2.833474e-04 
1.080000e+02 -5.345623e-04 -4.173484e-04 
1.090000e+02 -3.029339e-04 -3.038923e-04 
1.100000e+02 -5.480115e-04 -8.312678e-05 
1.110000e+02 -4.758713e-04 -3.875764e-04 
1.120000e+02 -2.594652e-04 -3.781070e-04 
1.130000e+02 -1.290210e-04 -4.985559e-04 
1.140000e+02 -5.954767e-04 -2.939970e-04 
1.150000e+02 -5.955919e-04 6.067154e-05 
1.160000e+02 -4.057759e-04 1.067169e-04 
1.170000e+02 -1.456372e-04 -1.212150e-04 
1.180000e+02 -2.096633e-04 -2.476385e-04 
1.190000e+02 -1.826449e-04 -8.849374e-05 
1.200000e+02 -9.717213e-05 2.531157e-04 
1.210000e+02 -2.317082e-04 4.710363e-05 
1.220000e+02 -1.867979e-04 -6.560195e-05 
1.230000e+02 -2.606839e-05 4.156411e-05 
1.240000e+02 -8.876343e-05 1.783905e-05 
1.250000e+02 -7.888986e-05 -5.767831e-05 
1.260000e+02 -3.625924e-04 1.065305e-04 
1.270000e+02 -5.345774e-05 3.021012e-06 
1.280000e+02 -6.320163e-05 1.227960e-05 
1.290000e+02 2.393149e-04 -2.410624e-04 
1.300000e+02 3.270425e-04 -8.065613e-05 
1.310000e+02 1.815491e-04 -1.657641e-04 
1.320000e+02 1.121567e-04 -6.895829e-05 
1.330000e+02 -2.599370e-05 1.332236e-04 
1.340000e+02 -5.395189e-05 1.322118e-04 
1.350000e+02 -1.590964e-04 -4.668661e-05 
1.360000e+02 -4.630567e-05 5.325689e-05 
1.370000e+02 9.083437e-05 2.407092e-05 
1.380000e+02 2.682141e-04 3.608063e-04 
1.390000e+02 4.421149e-04 3.968095e-04 
1.400000e+02 4.808070e-04 2.122917e-04 
1.410000e+02 8.374708e-04 2.112112e-04 
1.420000e+02 7.082360e-04 2.810073e-04 
1.430000e+02 7.050493e-04 3.898356e-04 
1.440000e+02 4.083323e-04 4.094343e-04 
1.450000e+02 5.795232e-04 4.353743e-04 
1.460000e+02 4.490528e-04 1.296259e-04 
1.470000e+02 5.563512e-04 1.577133e-04 
1.480000e+02 4.411576e-04 6.756886e-05 
1.490000e+02 7.063762e-04 -3.108626e-05 
1.500000e+02 9.618272e-04 -3.491024e-05 
1.510000e+02 5.669121e-04 5.501908e-04 
1.520000e+02 2.903541e-04 6.116617e-04 
1.530000e+02 5.436370e-04 5.811349e-04 
1.540000e+02 4.779831e-04 5.011917e-04 
1.550000e+02 4.829617e-04 5.640492e-04 
1.560000e+02 4.477040e-04 6.623628e-04 
1.570000e+02 6.393397e-04 1.424944e-04 
1.580000e+02 7.586154e-04 4.011184e-04 
1.590000e+02 8.590646e-04 8.328714e-04 
1.600000e+02 7.354187e-04 6.100747e-04 
1.610000e+02 8.144721e-04 6.481448e-04 
1.620000e+02 4.290457e-04 4.017759e-04 
1.630000e+02 1.682454e-04 8.756409e-04 
1.640000e+02 3.152084e-04 5.761584e-04 
1.650000e+02 7.135754e-04 6.842691e-04 
1.660000e+02 7.273778e-04 6.544704e-04 
1.670000e+02 9.689033e-04 7.943089e-04 
1.680000e+02 5.819294e-04 6.541967e-04 
1.690000e+02 7.479328e-04 5.668748e-04 
1.700000e+02 1.016644e-03 7.509509e-04 
1.710000e+02 6.277823e-04 1.001002e-03 
1.720000e+02 7.933909e-04 8.115884e-04 
1.730000e+02 8.961307e-04 6.613869e-04 
1.740000e+02 1.035962e-03 6.302126e-04 
1.750000e+02 1.046093e-03 7.825040e-04 
1.760000e+02 1.155063e-03 1.158290e-03 
1.770000e+02 1.119180e-03 1.087319e-03 
1.780000e+02 7.759895e-04 8.211134e-04 
1.790000e+02 5.943801e-04 1.308140e-03 
1.800000e+02 9.430898e-04 9.255665e-04 
1.810000e+02 9.006874e-04 1.195290e-03 
1.820000e+02 8.232519e-04 1.017918e-03 
1.830000e+02 5.666390e-04 9.950084e-04 
1.840000e+02 1.189763e-03 1.114796e-03 
1.850000e+02 1.153863e-03 1.129917e-03 
1.860000e+02 1.251463e-03 9.593436e-04 
1.870000e+02 1.175471e-03 1.265167e-03 
1.880000e+02 1.167190e-03 1.377185e-03 
1.890000e+02 1.131819e-03 1.596535e-03 
1.900000e+02 1.442786e-03 1.609740e-03 
1.910000e+02 1.246621e-03 1.492216e-03 
1.920000e+02 1.237224e-03 8.321572e-04 
1.930000e+02 1.422522e-03 9.457634e-04 
1.940000e+02 1.049589e-03 1.261462e-03 
1.950000e+02 1.260057e-03 1.262750e-03 
1.960000e+02 1.117143e-03 1.380169e-03 
1.970000e+02 1.409980e-03 1.450110e-03 
1.980000e+02 1.462442e-03 1.404043e-03 
1.990000e+02 1.260801e-03 1.577313e-03 
2.000000e+02 1.629322e-03 1.710054e-03 
2.010000e+02 1.618754e-03 2.022193e-03 
2.020000e+02 1.744502e-03 1.481061e-03 
2.030000e+02 1.862946e-03 1.865294e-03 
2.040000e+02 2.013925e-03 1.729750e-03 
2.050000e+02 1.523180e-03 1.913373e-03 
2.060000e+02 1.530262e-03 1.797929e-03 
2.070000e+02 2.473631e-03 1.734998e-03 
2.080000e+02 2.153818e-03 1.816324e-03 
2.090000e+02 1.864457e-03 1.732886e-03 
2.100000e+02 1.333748e-03 1.811422e-03 
2.110000e+02 1.294815e-03 1.966215e-03 
2.120000e+02 1.821554e-03 2.063723e-03 
2.130000e+02 2.166983e-03 2.082026e-03 
2.140000e+02 2.108097e-03 1.857078e-03 
2.150000e+02 2.167145e-03 2.399847e-03 
2.160000e+02 1.867299e-03 2.606473e-03 
2.170000e+02 1.657696e-03 2.557042e-03 
2.180000e+02 2.448093e-03 2.594008e-03 
2.190000e+02 2.449991e-03 2.533095e-03 
2.200000e+02 2.638007e-03 2.337284e-03 
2.210000e+02 2.930139e-03 2.568839e-03 
2.220000e+02 2.767802e-03 2.152963e-03 
2.230000e+02 3.034105e-03 2.651972e-03 
2.240000e+02 3.021792e-03 2.787141e-03 
2.250000e+02 3.171000e-03 2.912965e-03 
2.260000e+02 3.352594e-03 2.960796e-03 
2.270000e+02 3.202254e-03 2.822953e-03 
2.280000e+02 3.231218e-03 3.216572e-03 
2.290000e+02 2.884426e-03 3.400823e-03 
2.300000e+02 3.563167e-03 3.325237e-03 
2.310000e+02 3.601609e-03 3.448413e-03 
2.320000e+02 3.755591e-03 3.433935e-03 
2.330000e+02 3.548811e-03 3.938440e-03 
2.340000e+02 4.006254e-03 3.831485e-03 
2.350000e+02 4.432334e-03 4.198607e-03 
2.360000e+02 4.246943e-03 4.257747e-03 
2.370000e+02 4.656687e-03 4.515091e-03 
2.380000e+02 4.517439e-03 4.204861e-03 
2.390000e+02 3.967715e-03 4.944362e-03 
2.400000e+02 4.850364e-03 5.177861e-03 
2.410000e+02 4.874079e-03 5.307643e-03 
2.420000e+02 5.307932e-03 5.286799e-03 
2.430000e+02 5.465510e-03 4.113086e-03 
2.440000e+02 5.346683e-03 4.745583e-03 
2.450000e+02 5.588805e-03 5.160774e-03 
2.460000e+02 5.990985e-03 5.541159e-03 
2.470000e+02 6.550686e-03 6.100623e-03 
2.480000e+02 6.360853e-03 5.142140e-03 
2.490000e+02 6.352818e-03 6.339361e-03 
2.500000e+02 6.678512e-03 6.352274e-03 
2.510000e+02 6.833329e-03 6.828447e-03 
2.520000e+02 6.710294e-03 7.442853e-03 
2.530000e+02 5.944750e-03 7.637015e-03 
2.540000e+02 7.105341e-03 7.656233e-03 
2.550000e+02 7.541992e-03 8.496413e-03 
2.560000e+02 7.399690e-03 9.102977e-03 
