0.000000e+00 3.836858e-05 0.000000e+00 -6.792208e+03
1.000000e+00 3.848422e-05 4.773979e-01 -6.475222e+03
2.000000e+00 3.875808e-05 9.321479e-01 -6.158236e+03
3.000000e+00 3.873640e-05 1.363914e+00 -5.837285e+03
4.000000e+00 3.799853e-05 1.772461e+00 -5.515873e+03
5.000000e+00 3.784157e-05 2.157957e+00 -5.196107e+03
6.000000e+00 3.722510e-05 2.520472e+00 -4.878195e+03
7.000000e+00 3.650667e-05 2.860204e+00 -4.572071e+03
8.000000e+00 3.766818e-05 3.178650e+00 -4.279211e+03
9.000000e+00 3.421192e-05 3.476222e+00 -3.997941e+03
1.000000e+01 3.296996e-05 3.754178e+00 -3.729080e+03
1.100000e+01 3.457333e-05 4.013046e+00 -3.459251e+03
1.200000e+01 2.675089e-05 4.252158e+00 -3.201604e+03
1.300000e+01 2.964597e-05 4.473937e+00 -2.950906e+03
1.400000e+01 2.669686e-05 4.676959e+00 -2.705136e+03
1.500000e+01 2.081030e-05 4.863357e+00 -2.494315e+03
1.600000e+01 2.194739e-05 5.036031e+00 -2.297364e+03
1.700000e+01 1.749261e-05 5.194077e+00 -2.112805e+03
1.800000e+01 2.321247e-05 5.340182e+00 -1.934190e+03
1.900000e+01 1.583875e-05 5.472515e+00 -1.769414e+03
2.000000e+01 1.976949e-05 5.594900e+00 -1.623912e+03
2.100000e+01 2.245222e-05 5.706288e+00 -1.473437e+03
2.200000e+01 1.946145e-05 5.807010e+00 -1.337603e+03
2.300000e+01 2.684274e-05 5.898844e+00 -1.191671e+03
2.400000e+01 2.489339e-05 5.978559e+00 -1.026927e+03
2.500000e+01 1.501092e-05 6.046676e+00 -8.890656e+02
2.600000e+01 1.117325e-05 6.106545e+00 -7.822491e+02
2.700000e+01 1.046585e-05 6.159286e+00 -6.961101e+02
2.800000e+01 1.134262e-05 6.206754e+00 -6.255212e+02
2.900000e+01 8.793441e-06 6.249333e+00 -5.618869e+02
3.000000e+01 5.300190e-07 6.287642e+00 -5.223128e+02
3.100000e+01 2.767470e-06 6.324523e+00 -4.969410e+02
3.200000e+01 1.029102e-05 6.359179e+00 -4.444878e+02
3.300000e+01 7.717533e-06 6.388510e+00 -3.765156e+02
3.400000e+01 -7.271835e-07 6.413381e+00 -3.387674e+02
3.500000e+01 5.073449e-06 6.437278e+00 -3.096636e+02
3.600000e+01 -1.595356e-07 6.457959e+00 -2.761700e+02
3.700000e+01 -8.229600e-06 6.477034e+00 -2.800272e+02
3.800000e+01 4.058860e-06 6.498271e+00 -2.776879e+02
3.900000e+01 8.932652e-06 6.517009e+00 -2.422053e+02
4.000000e+01 1.249004e-05 6.533138e+00 -2.007647e+02
4.100000e+01 6.047685e-06 6.545910e+00 -1.769076e+02
4.200000e+01 1.330597e-06 6.558604e+00 -1.706100e+02
4.300000e+01 5.503079e-06 6.570471e+00 -1.365133e+02
4.400000e+01 -8.510539e-06 6.578256e+00 -1.255022e+02
4.500000e+01 5.965813e-06 6.588537e+00 -1.181704e+02
4.600000e+01 -1.184433e-06 6.595268e+00 -9.308880e+01
4.700000e+01 -1.828986e-05 6.601938e+00 -1.373697e+02
4.800000e+01 1.828051e-06 6.615043e+00 -1.730182e+02
4.900000e+01 7.149967e-06 6.626845e+00 -1.317701e+02
5.000000e+01 -7.593044e-06 6.634012e+00 -1.000316e+02
5.100000e+01 -7.715483e-06 6.641245e+00 -9.995518e+01
5.200000e+01 -9.307565e-06 6.648401e+00 -9.781977e+01
5.300000e+01 -1.034865e-05 6.655327e+00 -9.622295e+01
5.400000e+01 -1.237440e-05 6.662253e+00 -1.076770e+02
5.500000e+01 -8.480513e-06 6.670828e+00 -1.287713e+02
5.600000e+01 -9.767108e-06 6.680791e+00 -1.510193e+02
5.700000e+01 -8.861829e-06 6.692568e+00 -1.748392e+02
5.800000e+01 2.210079e-06 6.705960e+00 -1.666755e+02
5.900000e+01 3.313862e-06 6.716562e+00 -1.303858e+02
6.000000e+01 6.907836e-07 6.724730e+00 -1.157613e+02
6.100000e+01 8.760408e-06 6.733227e+00 -9.496925e+01
6.200000e+01 1.138725e-06 6.738401e+00 -7.180886e+01
6.300000e+01 9.022384e-06 6.743564e+00 -6.336467e+01
6.400000e+01 6.479668e-06 6.747523e+00 -5.152415e+01
6.500000e+01 4.609603e-06 6.750981e+00 -5.472229e+01
6.600000e+01 2.050581e-05 6.755400e+00 -3.196725e+01
6.700000e+01 1.355270e-05 6.755583e+00 5.244068e+00
6.800000e+01 1.575463e-05 6.754645e+00 3.738083e+01
6.900000e+01 -8.255497e-06 6.750202e+00 2.154206e+01
7.000000e+01 -7.886610e-06 6.751544e+00 -5.031765e+01
7.100000e+01 1.024984e-05 6.757445e+00 -6.174989e+01
7.200000e+01 -5.355271e-06 6.760434e+00 -7.023785e+01
7.300000e+01 -3.694840e-06 6.767556e+00 -1.137626e+02
7.400000e+01 1.015267e-06 6.776810e+00 -1.160417e+02
7.500000e+01 1.014233e-07 6.784261e+00 -1.008785e+02
7.600000e+01 4.399175e-06 6.791332e+00 -9.428269e+01
7.700000e+01 6.879801e-06 6.797834e+00 -8.439989e+01
7.800000e+01 1.917050e-05 6.803482e+00 -3.279414e+01
7.900000e+01 3.843340e-06 6.802555e+00 1.410027e+00
8.000000e+01 3.915835e-06 6.803279e+00 -1.254961e+01
8.100000e+01 5.267266e-07 6.804361e+00 -1.929950e+01
8.200000e+01 4.733829e-06 6.806058e+00 -1.341874e+01
8.300000e+01 -1.083371e-05 6.806293e+00 -2.761246e+01
8.400000e+01 -1.659038e-06 6.810033e+00 -5.035017e+01
8.500000e+01 -1.035259e-05 6.813541e+00 -6.547354e+01
8.600000e+01 3.767263e-06 6.819458e+00 -5.409982e+01
8.700000e+01 6.701752e-07 6.821329e+00 -1.450464e+01
8.800000e+01 -3.760716e-06 6.821546e+00 -1.289641e+01
8.900000e+01 2.311384e-06 6.823186e+00 -1.310991e+01
9.000000e+01 -1.399350e-05 6.823433e+00 -3.042729e+01
9.100000e+01 -9.301477e-06 6.827566e+00 -7.133846e+01
9.200000e+01 -8.437001e-06 6.833703e+00 -8.881609e+01
9.300000e+01 -9.160553e-06 6.840352e+00 -1.003834e+02
9.400000e+01 1.764258e-06 6.848154e+00 -9.205696e+01
9.500000e+01 -5.130499e-06 6.853604e+00 -8.470444e+01
9.600000e+01 9.249115e-06 6.860347e+00 -4.857747e+01
9.700000e+01 -5.537584e-06 6.860597e+00 -2.015753e+01
9.800000e+01 -8.528023e-06 6.863249e+00 -5.631590e+01
9.900000e+01 -1.971750e-06 6.868704e+00 -7.872400e+01
1.000000e+02 2.748011e-06 6.874582e+00 -7.991425e+01
1.010000e+02 9.415971e-06 6.880208e+00 -6.105688e+01
1.020000e+02 9.203200e-06 6.883371e+00 -2.637272e+01
1.030000e+02 4.701133e-06 6.884005e+00 5.087783e+00
1.040000e+02 -5.555014e-06 6.882639e+00 4.770406e+00
1.050000e+02 -2.495637e-06 6.883318e+00 -1.113982e+00
1.060000e+02 -5.689918e-06 6.882799e+00 4.869511e+00
1.070000e+02 -1.101322e-05 6.882617e+00 -2.423512e+01
1.080000e+02 -6.804291e-06 6.886288e+00 -5.995396e+01
1.090000e+02 5.901722e-06 6.891248e+00 -4.957353e+01
1.100000e+02 5.838835e-06 6.893425e+00 -2.373315e+01
1.110000e+02 9.884099e-06 6.894664e+00 3.445632e+00
1.120000e+02 -1.386471e-06 6.892929e+00 2.123391e+01
1.130000e+02 2.643132e-06 6.891607e+00 1.527426e+01
1.140000e+02 1.039420e-05 6.890730e+00 3.242614e+01
1.150000e+02 -3.188654e-06 6.886939e+00 3.302923e+01
1.160000e+02 -5.343136e-06 6.885975e+00 1.187078e+00
1.170000e+02 2.320909e-06 6.886769e+00 6.369439e+00
1.180000e+02 -3.003608e-06 6.885058e+00 2.668706e+01
1.190000e+02 -2.356198e-05 6.882927e+00 -2.211237e+01
1.200000e+02 -8.611992e-06 6.888241e+00 -9.291004e+01
1.210000e+02 1.444093e-05 6.896302e+00 -6.542363e+01
1.220000e+02 6.806132e-06 6.897659e+00 -1.828925e+00
1.230000e+02 6.871741e-06 6.896565e+00 4.597864e+01
1.240000e+02 -7.283702e-06 6.891041e+00 4.754473e+01
1.250000e+02 -3.355288e-06 6.889721e+00 1.080284e+01
1.260000e+02 -1.187210e-06 6.889485e+00 1.117459e+01
1.270000e+02 2.386593e-06 6.888112e+00 2.470710e+01
1.280000e+02 -3.031942e-06 6.885929e+00 2.395166e+01
1.290000e+02 -5.912332e-06 6.884664e+00 6.818295e+00
1.300000e+02 -3.023898e-06 6.884947e+00 -9.675883e+00
1.310000e+02 -4.270745e-07 6.886057e+00 -2.082805e+01
1.320000e+02 1.668310e-05 6.887945e+00 1.061187e+01
1.330000e+02 2.264630e-06 6.884529e+00 2.845629e+01
1.340000e+02 1.441399e-05 6.883849e+00 2.416276e+01
1.350000e+02 6.695066e-06 6.881051e+00 2.005645e+01
1.360000e+02 1.341545e-05 6.880962e+00 9.082462e+00
1.370000e+02 2.519001e-06 6.879743e+00 4.228886e+00
1.380000e+02 -5.990132e-07 6.880353e+00 -2.238421e+01
1.390000e+02 5.427271e-06 6.882966e+00 -3.067502e+01
1.400000e+02 2.497641e-06 6.884769e+00 -1.986417e+01
1.410000e+02 9.362407e-06 6.885825e+00 1.423960e+01
1.420000e+02 -1.103655e-06 6.882719e+00 3.974211e+01
1.430000e+02 -7.795269e-06 6.880104e+00 1.915105e+01
1.440000e+02 -2.932736e-06 6.879962e+00 -7.443769e+00
1.450000e+02 8.291978e-07 6.881176e+00 -4.137317e+00
1.460000e+02 -1.256034e-06 6.880558e+00 2.797341e+01
1.470000e+02 -7.397419e-06 6.877149e+00 2.395408e+01
1.480000e+02 4.657693e-06 6.877109e+00 1.981297e+01
1.490000e+02 -1.953597e-06 6.874297e+00 5.233700e+01
1.500000e+02 -7.122452e-06 6.869575e+00 5.888993e+01
1.510000e+02 -1.254627e-05 6.865819e+00 3.080812e+01
1.520000e+02 -3.279455e-06 6.865140e+00 3.615504e+00
1.530000e+02 6.688627e-06 6.865299e+00 1.739583e+01
1.540000e+02 -4.318546e-06 6.862636e+00 1.765905e+01
1.550000e+02 -3.384096e-06 6.862756e+00 -2.484105e+00
1.560000e+02 8.984715e-06 6.862993e+00 3.783063e+01
1.570000e+02 -3.552157e-06 6.857311e+00 8.047351e+01
1.580000e+02 -9.184356e-07 6.851409e+00 8.377439e+01
1.590000e+02 -1.232352e-05 6.845251e+00 4.805157e+01
1.600000e+02 -2.406492e-06 6.844491e+00 5.563832e-01
1.610000e+02 -2.036551e-06 6.845171e+00 -1.224349e+01
1.620000e+02 -6.509458e-06 6.846254e+00 -2.467353e+01
1.630000e+02 4.968966e-06 6.848723e+00 -1.575819e+01
1.640000e+02 1.432813e-05 6.848522e+00 3.982990e+01
1.650000e+02 -3.695519e-06 6.842989e+00 6.118604e+01
1.660000e+02 -1.315592e-06 6.839714e+00 2.943062e+01
1.670000e+02 -2.847907e-06 6.838752e+00 2.918614e+00
1.680000e+02 -1.246478e-07 6.839294e+00 -7.038325e+00
1.690000e+02 1.168554e-05 6.839765e+00 1.873614e+01
1.700000e+02 4.902135e-06 6.836597e+00 5.539633e+01
1.710000e+02 -1.182906e-05 6.831791e+00 3.619283e+01
1.720000e+02 3.870951e-06 6.831387e+00 2.684442e+01
1.730000e+02 1.837303e-06 6.827926e+00 5.367785e+01
1.740000e+02 2.151209e-06 6.823660e+00 8.547463e+01
1.750000e+02 -1.222148e-05 6.815622e+00 9.259305e+01
1.760000e+02 -6.646531e-06 6.810330e+00 6.871146e+01
1.770000e+02 7.470197e-06 6.805730e+00 1.051241e+02
1.780000e+02 -1.156070e-05 6.795197e+00 1.146748e+02
1.790000e+02 -6.102986e-06 6.789222e+00 7.620421e+01
1.800000e+02 -4.330766e-06 6.784227e+00 5.483372e+01
1.810000e+02 4.090555e-06 6.781328e+00 5.163386e+01
1.820000e+02 -6.108455e-06 6.776794e+00 4.346977e+01
1.830000e+02 3.726282e-06 6.775071e+00 3.792846e+01
1.840000e+02 3.126225e-06 6.771334e+00 5.656581e+01
1.850000e+02 -1.188350e-05 6.766928e+00 2.790128e+01
1.860000e+02 -6.273902e-06 6.767317e+00 -7.658248e+00
1.870000e+02 1.046541e-05 6.768030e+00 2.175919e+01
1.880000e+02 1.034790e-05 6.764185e+00 6.704814e+01
1.890000e+02 7.576238e-06 6.758378e+00 7.977662e+01
1.900000e+02 8.408264e-06 6.752701e+00 7.333459e+01
1.910000e+02 1.311126e-05 6.747821e+00 9.035244e+01
1.920000e+02 -3.561164e-07 6.739694e+00 1.110801e+02
1.930000e+02 9.248261e-06 6.731830e+00 1.407307e+02
1.940000e+02 -4.004349e-06 6.719435e+00 1.480051e+02
1.950000e+02 6.733912e-07 6.710524e+00 1.186461e+02
1.960000e+02 4.716835e-06 6.702355e+00 1.052205e+02
1.970000e+02 8.203452e-06 6.695377e+00 9.922635e+01
1.980000e+02 7.834910e-06 6.688071e+00 1.062753e+02
1.990000e+02 1.777660e-05 6.680078e+00 1.503699e+02
2.000000e+02 -6.032074e-06 6.666424e+00 1.685609e+02
2.010000e+02 -9.211927e-06 6.655813e+00 1.243822e+02
2.020000e+02 -1.037099e-05 6.648518e+00 9.125751e+01
2.030000e+02 -9.331271e-06 6.642676e+00 7.858256e+01
2.040000e+02 -1.419319e-05 6.637206e+00 6.219887e+01
2.050000e+02 -5.808222e-07 6.633722e+00 6.429423e+01
2.060000e+02 1.234693e-05 6.627950e+00 1.342695e+02
2.070000e+02 -1.427795e-05 6.614393e+00 1.574788e+02
2.080000e+02 -3.635793e-06 6.605280e+00 1.240717e+02
2.090000e+02 -9.215403e-06 6.596532e+00 1.059656e+02
2.100000e+02 -3.389054e-06 6.590026e+00 1.020538e+02
2.110000e+02 4.098997e-06 6.581841e+00 1.442822e+02
2.120000e+02 -1.823875e-06 6.569256e+00 1.779265e+02
2.130000e+02 -5.347018e-06 6.556227e+00 1.681567e+02
2.140000e+02 -7.150727e-06 6.545049e+00 1.295485e+02
2.150000e+02 1.039198e-05 6.537578e+00 1.336056e+02
2.160000e+02 9.551668e-06 6.525815e+00 1.813311e+02
2.170000e+02 9.624119e-06 6.511474e+00 2.204249e+02
2.180000e+02 3.951252e-06 6.494084e+00 2.553952e+02
2.190000e+02 -5.046034e-06 6.474708e+00 2.595417e+02
2.200000e+02 4.586556e-07 6.456721e+00 2.643702e+02
2.210000e+02 3.139554e-06 6.436651e+00 2.979675e+02
2.220000e+02 4.566840e-06 6.413827e+00 3.379596e+02
2.230000e+02 5.312166e-06 6.387999e+00 3.746617e+02
2.240000e+02 1.075494e-05 6.359892e+00 4.128852e+02
2.250000e+02 1.896441e-05 6.328562e+00 4.824568e+02
2.260000e+02 7.572438e-06 6.290439e+00 5.488793e+02
2.270000e+02 4.961586e-06 6.249547e+00 5.872077e+02
2.280000e+02 1.255248e-05 6.205907e+00 6.525357e+02
2.290000e+02 1.132310e-05 6.155611e+00 7.425146e+02
2.300000e+02 1.059556e-05 6.099018e+00 8.170150e+02
2.310000e+02 1.685113e-05 6.037997e+00 8.954772e+02
2.320000e+02 1.477696e-05 5.970108e+00 9.964827e+02
2.330000e+02 1.596384e-05 5.894547e+00 1.104810e+03
2.340000e+02 2.301450e-05 5.811064e+00 1.231962e+03
2.350000e+02 2.440047e-05 5.717198e+00 1.380782e+03
2.360000e+02 1.956221e-05 5.612292e+00 1.525407e+03
2.370000e+02 2.574044e-05 5.497607e+00 1.680722e+03
2.380000e+02 3.155799e-05 5.370342e+00 1.876927e+03
2.390000e+02 2.941585e-05 5.227411e+00 2.098868e+03
2.400000e+02 2.182877e-05 5.068197e+00 2.313402e+03
2.410000e+02 2.339697e-05 4.894383e+00 2.532823e+03
2.420000e+02 2.220450e-05 4.703582e+00 2.771209e+03
2.430000e+02 2.144573e-05 4.495450e+00 3.004861e+03
2.440000e+02 2.708667e-05 4.271014e+00 3.244094e+03
2.450000e+02 2.748972e-05 4.028443e+00 3.498571e+03
2.460000e+02 2.840853e-05 3.767373e+00 3.761671e+03
2.470000e+02 2.702182e-05 3.486928e+00 4.027030e+03
2.480000e+02 2.812691e-05 3.187657e+00 4.291655e+03
2.490000e+02 3.615595e-05 2.869118e+00 4.579878e+03
2.500000e+02 3.999938e-05 2.528356e+00 4.896467e+03
2.510000e+02 3.863446e-05 2.164241e+00 5.213017e+03
2.520000e+02 4.081850e-05 1.777910e+00 5.523045e+03
2.530000e+02 4.400567e-05 1.369165e+00 5.842053e+03
2.540000e+02 4.567296e-05 9.369105e-01 6.176028e+03
2.550000e+02 4.215858e-05 4.800880e-01 6.508306e+03
2.560000e+02 4.143699e-05 0.000000e+00 6.840584e+03
