0.000000e+00 4.485263e-05 0.000000e+00 -6.933652e+03
1.000000e+00 4.229496e-05 4.866994e-01 -6.591928e+03
2.000000e+00 4.104608e-05 9.489485e-01 -6.250205e+03
3.000000e+00 3.897231e-05 1.386455e+00 -5.917275e+03
4.000000e+00 4.058536e-05 1.800776e+00 -5.594954e+03
5.000000e+00 4.379101e-05 2.191883e+00 -5.261141e+03
6.000000e+00 4.375242e-05 2.558150e+00 -4.919887e+03
7.000000e+00 3.943103e-05 2.900130e+00 -4.595486e+03
8.000000e+00 3.611586e-05 3.219698e+00 -4.291920e+03
9.000000e+00 3.500127e-05 3.517979e+00 -3.997079e+03
1.000000e+01 3.102532e-05 3.795102e+00 -3.716328e+03
1.100000e+01 2.963630e-05 4.052967e+00 -3.454894e+03
1.200000e+01 3.162743e-05 4.292455e+00 -3.195039e+03
1.300000e+01 3.594986e-05 4.512912e+00 -2.919899e+03
1.400000e+01 2.254963e-05 4.712793e+00 -2.666594e+03
1.500000e+01 1.482934e-05 4.896785e+00 -2.454610e+03
1.600000e+01 1.552667e-05 5.066149e+00 -2.257479e+03
1.700000e+01 2.404452e-05 5.221763e+00 -2.052182e+03
1.800000e+01 1.619581e-05 5.361573e+00 -1.851504e+03
1.900000e+01 1.021258e-05 5.488298e+00 -1.681400e+03
2.000000e+01 9.538698e-06 5.603621e+00 -1.526653e+03
2.100000e+01 8.379196e-06 5.708069e+00 -1.377505e+03
2.200000e+01 3.651729e-06 5.801921e+00 -1.253344e+03
2.300000e+01 1.457545e-05 5.888495e+00 -1.128780e+03
2.400000e+01 1.208839e-05 5.964416e+00 -9.989378e+02
2.500000e+01 9.897748e-06 6.032299e+00 -8.941982e+02
2.600000e+01 1.003777e-05 6.093141e+00 -8.023764e+02
2.700000e+01 9.342992e-06 6.147806e+00 -7.168189e+02
2.800000e+01 8.551076e-06 6.196332e+00 -6.369037e+02
2.900000e+01 5.223022e-06 6.239492e+00 -5.804798e+02
3.000000e+01 7.661920e-06 6.279896e+00 -5.422619e+02
3.100000e+01 8.673665e-06 6.317554e+00 -5.000016e+02
3.200000e+01 5.554951e-06 6.351874e+00 -4.531653e+02
3.300000e+01 3.206502e-06 6.382790e+00 -4.124033e+02
3.400000e+01 -2.125149e-06 6.411242e+00 -3.863626e+02
3.500000e+01 6.211594e-07 6.438409e+00 -3.744819e+02
3.600000e+01 3.953794e-06 6.465151e+00 -3.596183e+02
3.700000e+01 1.334701e-05 6.490178e+00 -3.157454e+02
3.800000e+01 6.861169e-06 6.510604e+00 -2.757913e+02
3.900000e+01 8.639353e-06 6.529880e+00 -2.404359e+02
4.000000e+01 8.645874e-06 6.545216e+00 -1.836409e+02
4.100000e+01 7.312662e-06 6.556316e+00 -1.340420e+02
4.200000e+01 -5.408917e-06 6.564513e+00 -1.186344e+02
4.300000e+01 -1.221127e-05 6.573394e+00 -1.477000e+02
4.400000e+01 -2.819418e-06 6.585775e+00 -1.705674e+02
4.500000e+01 4.741681e-07 6.597949e+00 -1.670778e+02
4.600000e+01 -5.975921e-06 6.609827e+00 -1.803786e+02
4.700000e+01 7.307817e-06 6.623915e+00 -1.674297e+02
4.800000e+01 3.692908e-06 6.633929e+00 -1.285613e+02
4.900000e+01 1.285532e-05 6.642422e+00 -9.167454e+01
5.000000e+01 -2.929840e-06 6.647126e+00 -7.639825e+01
5.100000e+01 5.390061e-06 6.653420e+00 -7.198149e+01
5.200000e+01 -1.736842e-06 6.657489e+00 -5.651996e+01
5.300000e+01 -9.879536e-07 6.661557e+00 -6.472189e+01
5.400000e+01 7.217270e-06 6.666806e+00 -5.230224e+01
5.500000e+01 -4.311283e-06 6.669086e+00 -2.897783e+01
5.600000e+01 -4.334109e-06 6.670977e+00 -2.276237e+01
5.700000e+01 -2.738268e-06 6.672363e+00 -1.678417e+01
5.800000e+01 -1.537270e-05 6.673393e+00 -5.277394e+01
5.900000e+01 -3.420755e-06 6.679960e+00 -8.125434e+01
6.000000e+01 -1.173523e-05 6.685091e+00 -9.465594e+01
6.100000e+01 -3.442347e-06 6.693586e+00 -1.089773e+02
6.200000e+01 7.973718e-08 6.700778e+00 -9.822650e+01
6.300000e+01 7.664268e-06 6.707727e+00 -7.804282e+01
6.400000e+01 -1.067034e-08 6.712013e+00 -6.085739e+01
6.500000e+01 -2.173501e-06 6.716487e+00 -6.883327e+01
6.600000e+01 7.324317e-06 6.721922e+00 -5.211163e+01
6.700000e+01 -8.571584e-06 6.723989e+00 -5.277902e+01
6.800000e+01 -1.369996e-06 6.729520e+00 -8.308187e+01
6.900000e+01 7.065403e-06 6.735949e+00 -6.241690e+01
7.000000e+01 3.487536e-06 6.738505e+00 -5.615386e+00
7.100000e+01 -6.578403e-06 6.736758e+00 1.369005e+01
7.200000e+01 -1.237215e-05 6.736535e+00 -2.190457e+01
7.300000e+01 -1.449449e-05 6.739911e+00 -8.143329e+01
7.400000e+01 -1.611158e-06 6.748257e+00 -1.119627e+02
7.500000e+01 -1.896547e-06 6.756029e+00 -1.142046e+02
7.600000e+01 2.770252e-06 6.764698e+00 -1.134287e+02
7.700000e+01 -2.397456e-06 6.772357e+00 -1.137372e+02
7.800000e+01 3.378691e-06 6.781071e+00 -1.054422e+02
7.900000e+01 4.489556e-06 6.787537e+00 -8.288454e+01
8.000000e+01 1.232857e-06 6.793003e+00 -8.794887e+01
8.100000e+01 8.867444e-06 6.800197e+00 -1.015282e+02
8.200000e+01 2.082489e-05 6.807618e+00 -6.789316e+01
8.300000e+01 7.778110e-06 6.809971e+00 -3.623891e+01
8.400000e+01 5.953530e-06 6.812835e+00 -6.161809e+01
8.500000e+01 1.472959e-05 6.818841e+00 -5.522416e+01
8.600000e+01 5.227796e-07 6.820785e+00 -2.889201e+01
8.700000e+01 3.800320e-07 6.823000e+00 -4.508397e+01
8.800000e+01 5.285234e-06 6.827275e+00 -5.794572e+01
8.900000e+01 -1.845062e-06 6.831342e+00 -6.685574e+01
9.000000e+01 2.274318e-06 6.836899e+00 -7.864502e+01
9.100000e+01 5.123946e-06 6.842664e+00 -7.014436e+01
9.200000e+01 -3.756980e-06 6.846997e+00 -7.034801e+01
9.300000e+01 3.162609e-06 6.852791e+00 -6.241846e+01
9.400000e+01 -4.455097e-06 6.855983e+00 -5.995045e+01
9.500000e+01 1.655603e-06 6.861421e+00 -6.887204e+01
9.600000e+01 1.174258e-07 6.865897e+00 -4.866767e+01
9.700000e+01 -2.228799e-06 6.868427e+00 -2.693661e+01
9.800000e+01 9.820816e-07 6.869775e+00 -1.715673e+01
9.900000e+01 3.859335e-06 6.870897e+00 -1.282074e+01
1.000000e+02 5.252666e-06 6.871621e+00 9.046490e+00
1.010000e+02 -4.057442e-06 6.869594e+00 2.482481e+01
1.020000e+02 -1.107953e-05 6.868047e+00 -1.629955e+01
1.030000e+02 -4.145761e-07 6.871941e+00 -5.011011e+01
1.040000e+02 1.702557e-05 6.875261e+00 1.411684e+01
1.050000e+02 -4.263439e-06 6.869909e+00 5.994766e+01
1.060000e+02 -1.967054e-06 6.866631e+00 3.265959e+01
1.070000e+02 1.437599e-06 6.865207e+00 1.984104e+01
1.080000e+02 2.727751e-06 6.863774e+00 1.806582e+01
1.090000e+02 -2.113730e-07 6.862606e+00 2.941938e+00
1.100000e+02 -1.023982e-05 6.863351e+00 -3.465613e+01
1.110000e+02 4.536800e-06 6.867595e+00 -3.995650e+01
1.120000e+02 4.380655e-06 6.869103e+00 1.802744e+00
1.130000e+02 -4.138379e-06 6.867336e+00 1.271116e+01
1.140000e+02 -7.173831e-06 6.867273e+00 -1.368369e+01
1.150000e+02 -1.022292e-05 6.869306e+00 -4.961755e+01
1.160000e+02 3.569163e-06 6.874416e+00 -5.568886e+01
1.170000e+02 4.816619e-06 6.877322e+00 -2.426273e+01
1.180000e+02 -1.367383e-06 6.877909e+00 -1.404802e+01
1.190000e+02 1.696409e-06 6.879345e+00 -2.250351e+01
1.200000e+02 4.298129e-06 6.881148e+00 -1.728845e+01
1.210000e+02 3.918899e-06 6.881833e+00 7.756978e-01
1.220000e+02 8.308567e-08 6.881036e+00 3.083896e+00
1.230000e+02 -6.412368e-06 6.881389e+00 -2.133663e+01
1.240000e+02 1.869380e-06 6.884108e+00 -3.025584e+01
1.250000e+02 -4.487411e-07 6.885745e+00 -1.400006e+01
1.260000e+02 3.394804e-07 6.886123e+00 5.253144e-01
1.270000e+02 -3.262866e-06 6.885669e+00 1.352474e+00
1.280000e+02 -3.031942e-06 6.885929e+00 -9.332062e+00
1.290000e+02 7.167055e-06 6.887013e+00 1.627442e+01
1.300000e+02 -8.597569e-06 6.883586e+00 2.026054e+01
1.310000e+02 9.881596e-06 6.884096e+00 1.817547e+01
1.320000e+02 9.312107e-06 6.880969e+00 6.656097e+01
1.330000e+02 -6.634717e-06 6.874514e+00 8.111501e+01
1.340000e+02 -1.496721e-05 6.869292e+00 3.274277e+01
1.350000e+02 -1.272896e-05 6.869801e+00 -3.319273e+01
1.360000e+02 -1.242316e-05 6.874071e+00 -8.349680e+01
1.370000e+02 2.694227e-06 6.881821e+00 -9.067303e+01
1.380000e+02 2.610195e-06 6.887124e+00 -7.214561e+01
1.390000e+02 -2.367595e-06 6.892206e+00 -6.758866e+01
1.400000e+02 3.919252e-06 6.896853e+00 -4.204785e+01
1.410000e+02 -6.549282e-06 6.898259e+00 -3.470904e+01
1.420000e+02 -1.435521e-07 6.901850e+00 -3.444742e+01
1.430000e+02 2.994516e-06 6.903218e+00 -1.575442e+00
1.440000e+02 3.295930e-06 6.902077e+00 2.995526e+01
1.450000e+02 -4.286498e-06 6.898906e+00 3.551294e+01
1.460000e+02 6.877634e-07 6.896964e+00 2.863516e+01
1.470000e+02 8.635485e-06 6.894784e+00 5.042673e+01
1.480000e+02 3.298925e-06 6.889705e+00 7.303203e+01
1.490000e+02 -8.550717e-06 6.884271e+00 4.726060e+01
1.500000e+02 -8.841035e-06 6.882902e+00 7.234001e+00
1.510000e+02 -3.245402e-06 6.883229e+00 7.428802e+00
1.520000e+02 -5.146540e-06 6.881832e+00 1.175220e+01
1.530000e+02 7.603600e-06 6.881537e+00 1.222472e+01
1.540000e+02 1.262086e-05 6.880073e+00 4.444588e+01
1.550000e+02 -8.154511e-06 6.875139e+00 3.832699e+01
1.560000e+02 5.443034e-06 6.874555e+00 3.509680e+01
1.570000e+02 1.496665e-06 6.870087e+00 8.142107e+01
1.580000e+02 -7.678616e-06 6.862834e+00 9.142166e+01
1.590000e+02 -1.062609e-05 6.856926e+00 6.416466e+01
1.600000e+02 -6.925483e-06 6.853597e+00 2.790481e+01
1.610000e+02 1.178323e-05 6.852909e+00 1.692817e+01
1.620000e+02 9.479120e-06 6.851160e+00 4.215454e+01
1.630000e+02 1.359924e-06 6.846841e+00 6.365785e+01
1.640000e+02 2.799199e-06 6.841996e+00 5.740660e+01
1.650000e+02 2.119737e-06 6.838576e+00 5.169758e+01
1.660000e+02 -1.514275e-06 6.834554e+00 4.805484e+01
1.670000e+02 -1.354526e-06 6.831659e+00 4.092673e+01
1.680000e+02 -4.591268e-06 6.828662e+00 2.246206e+01
1.690000e+02 3.336963e-06 6.828425e+00 1.813417e+01
1.700000e+02 1.144966e-06 6.826052e+00 4.245950e+01
1.710000e+02 -6.931692e-06 6.822313e+00 3.159204e+01
1.720000e+02 5.245179e-07 6.821504e+00 7.707775e+00
1.730000e+02 -5.998987e-08 6.821203e+00 -5.268323e+00
1.740000e+02 1.604779e-05 6.822263e+00 2.857725e+01
1.750000e+02 2.568220e-06 6.817089e+00 5.675440e+01
1.760000e+02 1.159898e-05 6.814092e+00 5.573891e+01
1.770000e+02 8.099329e-06 6.809065e+00 8.770118e+01
1.780000e+02 -4.869581e-06 6.801467e+00 8.440732e+01
1.790000e+02 -1.333702e-05 6.796914e+00 2.553789e+01
1.800000e+02 -8.530297e-07 6.797791e+00 -1.522340e+01
1.810000e+02 8.592069e-06 6.799106e+00 1.701610e+00
1.820000e+02 8.764715e-07 6.797546e+00 2.681318e+01
1.830000e+02 4.103785e-06 6.795246e+00 4.858854e+01
1.840000e+02 5.542346e-07 6.790551e+00 6.847922e+01
1.850000e+02 -9.335724e-06 6.785388e+00 5.495615e+01
1.860000e+02 6.143638e-06 6.782640e+00 7.776136e+01
1.870000e+02 -1.529939e-06 6.774194e+00 1.204732e+02
1.880000e+02 7.887273e-07 6.765297e+00 1.301572e+02
1.890000e+02 -1.801302e-06 6.755457e+00 1.389793e+02
1.900000e+02 -1.099577e-05 6.745290e+00 1.171836e+02
1.910000e+02 -5.424537e-06 6.738588e+00 7.807093e+01
1.920000e+02 3.705570e-06 6.734051e+00 6.957034e+01
1.930000e+02 4.005170e-06 6.728573e+00 9.594536e+01
1.940000e+02 1.735804e-06 6.720240e+00 1.375693e+02
1.950000e+02 -1.426175e-05 6.708769e+00 1.317151e+02
1.960000e+02 -2.389548e-06 6.701278e+00 1.046351e+02
1.970000e+02 -5.771061e-06 6.693706e+00 9.285433e+01
1.980000e+02 -4.294342e-07 6.687911e+00 9.327133e+01
1.990000e+02 -1.825804e-05 6.680279e+00 8.216421e+01
2.000000e+02 -7.905134e-06 6.676083e+00 6.766015e+01
2.010000e+02 -4.427134e-06 6.670539e+00 8.910948e+01
2.020000e+02 -2.437005e-06 6.663256e+00 9.801194e+01
2.030000e+02 4.750805e-06 6.656429e+00 9.959331e+01
2.040000e+02 4.704241e-06 6.648918e+00 1.089932e+02
2.050000e+02 -2.398014e-06 6.640739e+00 1.157663e+02
2.060000e+02 1.856699e-06 6.632253e+00 1.260132e+02
2.070000e+02 -2.966597e-06 6.622599e+00 1.282491e+02
2.080000e+02 -3.029039e-06 6.613791e+00 1.206420e+02
2.090000e+02 9.890673e-07 6.605231e+00 1.244969e+02
2.100000e+02 8.166419e-06 6.595869e+00 1.540635e+02
2.110000e+02 2.587039e-06 6.583053e+00 1.855188e+02
2.120000e+02 -2.814424e-06 6.569162e+00 1.898588e+02
2.130000e+02 -1.070544e-05 6.555722e+00 1.646062e+02
2.140000e+02 -1.255465e-06 6.545466e+00 1.584945e+02
2.150000e+02 -4.536301e-06 6.532905e+00 1.753438e+02
2.160000e+02 1.043129e-06 6.520224e+00 1.895733e+02
2.170000e+02 -4.153115e-06 6.505615e+00 2.057571e+02
2.180000e+02 -5.837541e-06 6.490604e+00 2.029668e+02
2.190000e+02 -1.848467e-06 6.476397e+00 2.118232e+02
2.200000e+02 -2.960041e-06 6.460111e+00 2.434738e+02
2.210000e+02 -9.270923e-07 6.441347e+00 2.793299e+02
2.220000e+02 -3.148670e-06 6.419900e+00 2.996637e+02
2.230000e+02 9.802887e-06 6.398209e+00 3.416853e+02
2.240000e+02 2.993419e-06 6.370712e+00 4.056440e+02
2.250000e+02 2.755108e-06 6.339814e+00 4.519577e+02
2.260000e+02 -1.662834e-06 6.305650e+00 4.925770e+02
2.270000e+02 1.294108e-06 6.268905e+00 5.364574e+02
2.280000e+02 2.079052e-07 6.228424e+00 5.825897e+02
2.290000e+02 9.864767e-06 6.185037e+00 6.429052e+02
2.300000e+02 2.060053e-05 6.135874e+00 7.485946e+02
2.310000e+02 2.256843e-05 6.077272e+00 8.854479e+02
2.320000e+02 2.451909e-05 6.008408e+00 1.037241e+03
2.330000e+02 1.481106e-05 5.927955e+00 1.175427e+03
2.340000e+02 2.064886e-05 5.839198e+00 1.310898e+03
2.350000e+02 1.808871e-05 5.739243e+00 1.466401e+03
2.360000e+02 1.236559e-05 5.628101e+00 1.610350e+03
2.370000e+02 1.393591e-05 5.507424e+00 1.747751e+03
2.380000e+02 1.868771e-05 5.376501e+00 1.908555e+03
2.390000e+02 1.844249e-05 5.232676e+00 2.091051e+03
2.400000e+02 1.963336e-05 5.075482e+00 2.277786e+03
2.410000e+02 2.667602e-05 4.904774e+00 2.483762e+03
2.420000e+02 2.772046e-05 4.717929e+00 2.707426e+03
2.430000e+02 3.403993e-05 4.515024e+00 2.939807e+03
2.440000e+02 4.546952e-05 4.294726e+00 3.213840e+03
2.450000e+02 3.384025e-05 4.052372e+00 3.500922e+03
2.460000e+02 2.576570e-05 3.790747e+00 3.757835e+03
2.470000e+02 2.440662e-05 3.511408e+00 4.010742e+03
2.480000e+02 2.926073e-05 3.213376e+00 4.289647e+03
2.490000e+02 3.576371e-05 2.893887e+00 4.609934e+03
2.500000e+02 3.314757e-05 2.549747e+00 4.936983e+03
2.510000e+02 3.812786e-05 2.183178e+00 5.253602e+03
2.520000e+02 4.281624e-05 1.793459e+00 5.580585e+03
2.530000e+02 3.951160e-05 1.379819e+00 5.901650e+03
2.540000e+02 4.296655e-05 9.438805e-01 6.223489e+03
2.550000e+02 4.395312e-05 4.839097e-01 6.556724e+03
2.560000e+02 4.572192e-05 0.000000e+00 6.889958e+03
