0 262144 262144 0.00573228 -4.20521 -0.304258 -1.84246e-05 3.11259e-05
100 262144 262144 0.637126 16.0663 0.653232 -3.17539e-05 3.33414e-05
200 262144 262144 1.61213 -6.56991 1.13154 0 4.11735e-05
300 262144 262144 0.843486 21.5693 0.770484 -3.39762e-05 4.85947e-05
400 262144 262144 1.73336 7.32976 0.964333 0 2.95411e-05
500 262144 262144 1.23008 4.82663 0.879452 0 4.36263e-05
600 262144 262144 1.44948 12.3517 0.982296 0 1.90659e-05
700 262144 262144 1.50592 4.31405 0.919151 0 4.13352e-05
800 262144 262144 1.57979 10.2158 1.06491 0 2.29835e-05
900 262144 262144 1.4797 9.55468 1.01651 0 3.99919e-05
1000 262144 262144 1.65373 8.70201 1.21083 0 1.46939e-05
1100 262144 262144 1.66689 10.8473 0.973323 -1.99637e-05 1.30347e-05
1200 262144 262144 1.49376 9.98005 1.12378 0 1.11214e-05
1300 262144 262144 1.72676 8.95671 1.1403 0 1.96381e-05
1400 262144 262144 1.61371 10.3929 1.08677 0 1.87944e-05
1500 262144 262144 1.60804 9.02436 1.01452 0 7.32421e-06
1600 262144 262144 1.54726 9.17044 1.121 0 3.99511e-05
1700 262144 262144 1.60949 9.74413 1.0841 0 4.30626e-05
1800 262144 262144 1.79564 10.8487 1.15375 0 3.91836e-05
1900 262144 262144 1.52237 9.67022 1.11112 0 1.80613e-05
2000 262144 262144 1.66941 9.82701 1.18239 0 3.66584e-05
2100 262144 262144 1.72243 10.7762 1.12061 -4.96009e-06 2.39665e-05
2200 262144 262144 1.74047 10.8945 1.17182 0 2.42855e-05
2300 262144 262144 1.6751 9.64818 1.14208 0 2.06885e-05
2400 262144 262144 1.78517 11.3949 1.19405 0 1.39636e-05
2500 262144 262144 1.68508 9.77379 1.11878 0 4.90764e-05
2600 262144 262144 1.68892 10.1017 1.15941 0 1.1331e-05
2700 262144 262144 1.67563 8.80182 1.10597 0 1.43874e-05
2800 262144 262144 1.73669 9.6943 1.1469 0 3.9624e-05
2900 262144 262144 1.71981 10.519 1.16363 0 5.67172e-06
3000 262144 262144 1.7102 10.0774 1.15467 0 1.18885e-05
3100 262144 262144 1.70645 9.86008 1.18121 0 9.51991e-06
3200 262144 262144 1.74822 9.78122 1.21753 0 1.7571e-05
3300 262144 262144 1.74635 9.61496 1.14747 0 2.61785e-05
3400 262144 262144 1.75708 10.4704 1.22404 0 2.69548e-05
3500 262144 262144 1.72882 9.85953 1.24853 0 3.00421e-05
3600 262144 262144 1.81936 11.2152 1.24746 0 2.96974e-05
3700 262144 262144 1.76381 9.1946 1.17215 0 3.06163e-05
3800 262144 262144 1.8109 10.7223 1.26302 0 4.75159e-05
3900 262144 262144 1.81743 10.6566 1.22524 0 5.37175e-06
4000 262144 262144 1.81796 9.58994 1.18892 0 3.76794e-05
4100 262144 262144 1.82489 10.1116 1.2431 0 5.58903e-05
4200 262144 262144 1.8598 10.1853 1.29411 0 3.78248e-05
4300 262144 262144 1.87179 12.1911 1.29671 0 3.1321e-05
4400 262144 262144 1.8272 11.059 1.22184 0 3.5274e-05
4500 262144 262144 1.84892 10.0462 1.29986 0 4.83154e-05
4600 262144 262144 2.02906 12.462 1.33938 0 5.7635e-05
4700 262144 262144 1.92198 11.0312 1.31654 0 3.45445e-05
4800 262144 262144 1.86527 12.1459 1.29706 0 2.99908e-05
4900 262144 262144 1.86503 10.2524 1.24459 0 3.86228e-05
5000 262144 262144 1.95635 11.9915 1.33901 0 1.63611e-05
5100 262144 262144 1.9665 10.6751 1.31967 0 1.91402e-05
5200 262144 262144 1.87951 10.3078 1.25834 -1.25213e-05 4.31752e-06
5300 262144 262144 1.90856 10.6352 1.31127 0 1.1604e-05
5400 262144 262144 1.95496 11.2615 1.30933 0 1.63092e-05
5500 262144 262144 1.9366 10.3822 1.29994 0 3.38018e-05
5600 262144 262144 1.94465 11.043 1.32948 0 2.4218e-05
5700 262144 262144 1.89961 10.4607 1.31929 0 2.29919e-05
5800 262144 262144 1.9339 10.0759 1.35062 0 5.99835e-05
5900 262144 262144 1.90908 9.45111 1.32007 0 6.32621e-05
6000 262144 262144 1.95145 11.3115 1.37534 0 8.18249e-05
6100 262144 262144 1.98062 12.2836 1.39549 -5.79438e-06 6.093e-05
6200 262144 262144 1.92831 10.9286 1.32802 0 2.91631e-05
6300 262144 262144 2.01089 12.4294 1.359 0 1.50407e-05
6400 262144 262144 1.99928 11.0523 1.35174 -9.35249e-06 4.21263e-05
6500 262144 262144 1.94538 9.31226 1.28834 0 4.83099e-05
6600 262144 262144 2.02046 11.6078 1.37739 0 6.05766e-05
6700 262144 262144 2.02165 10.6449 1.39298 0 8.10947e-05
6800 262144 262144 1.97253 9.79963 1.3606 0 5.29073e-05
6900 262144 262144 2.07867 12.3466 1.38661 0 3.37549e-05
7000 262144 262144 2.12541 12.5477 1.46046 0 3.50287e-05
7100 262144 262144 2.04508 11.38 1.39203 0 4.4314e-05
7200 262144 262144 2.12124 12.0912 1.4302 0 2.92269e-05
7300 262144 262144 2.1032 12.3067 1.43916 0 4.27531e-05
7400 262144 262144 2.13072 12.3804 1.4416 0 6.76625e-05
7500 262144 262144 2.07447 11.5415 1.36483 0 2.53602e-05
7600 262144 262144 2.08348 12.0961 1.43178 0 6.6005e-05
7700 262144 262144 2.1236 10.7998 1.39918 0 6.30263e-05
7800 262144 262144 2.06193 10.546 1.33258 0 4.59146e-05
7900 262144 262144 2.07573 11.6399 1.42371 -7.49031e-06 4.74923e-05
8000 262144 262144 2.08574 11.3062 1.39916 0 1.69657e-05
8100 262144 262144 2.05139 10.7236 1.35428 0 2.19567e-05
8200 262144 262144 2.08992 10.942 1.37927 0 2.87858e-05
8300 262144 262144 2.12362 13.3931 1.45767 0 3.18606e-05
8400 262144 262144 2.12617 13.1053 1.45172 -5.12676e-06 8.57219e-05
8500 262144 262144 2.04537 10.9389 1.41893 0 0.000103192
8600 262144 262144 2.08938 12.5624 1.45667 0 8.8565e-05
8700 262144 262144 2.05715 11.3033 1.42216 0 6.81491e-05
8800 262144 262144 2.03419 10.5419 1.36569 0 8.45987e-05
8900 262144 262144 2.06718 11.8713 1.37605 0 5.63847e-05
9000 262144 262144 2.02424 11.8482 1.36748 0 4.82874e-05
9100 262144 262144 2.03855 11.7431 1.38037 -2.79198e-06 2.42695e-05
9200 262144 262144 2.17903 13.2515 1.47297 0 2.26841e-05
9300 262144 262144 2.08911 11.1804 1.42478 0 3.99731e-05
9400 262144 262144 2.13197 11.7647 1.45309 0 4.22243e-05
9500 262144 262144 2.00959 11.1976 1.40868 0 2.91538e-05
9600 262144 262144 1.99796 11.3072 1.40257 0 2.25619e-05
9700 262144 262144 1.97809 12.0565 1.36748 0 6.90138e-05
9800 262144 262144 1.98775 10.7311 1.36294 0 6.12647e-05
9900 262144 262144 1.97007 10.7373 1.40431 0 7.80413e-05
10000 262144 262144 2.05992 12.295 1.43319 0 4.4721e-05
10100 262144 262144 2.02829 10.6649 1.41209 0 1.83451e-05
10200 262144 262144 1.97832 11.2684 1.35318 0 1.22524e-05
10300 262144 262144 2.06389 12.2488 1.37067 0 2.87585e-05
10400 262144 262144 2.06004 11.8721 1.39496 0 3.64853e-05
10500 262144 262144 2.06648 11.632 1.40224 0 5.16832e-05
10600 262144 262144 1.95641 10.5247 1.32259 -1.16874e-06 6.86349e-05
10700 262144 262144 2.03182 12.3397 1.41978 0 4.31363e-05
10800 262144 262144 2.05836 11.45 1.39879 0 4.98229e-05
10900 262144 262144 1.91916 10.4899 1.35555 0 5.92834e-06
11000 262144 262144 2.00496 11.8139 1.36873 0 2.35567e-05
11100 262144 262144 2.02694 12.5851 1.4102 0 6.14928e-05
11200 262144 262144 1.90991 9.9094 1.32472 0 4.26699e-05
11300 262144 262144 1.88329 10.5556 1.30087 0 4.33206e-05
11400 262144 262144 1.93334 11.4455 1.34398 -6.14777e-07 2.37979e-05
11500 262144 262144 1.9577 11.0112 1.32852 0 2.08918e-05
11600 262144 262144 2.02177 11.4643 1.31328 0 7.8116e-06
11700 262144 262144 2.00594 12.1025 1.3459 0 1.47457e-05
11800 262144 262144 1.77679 8.98733 1.23074 -7.44535e-06 1.17932e-05
11900 262144 262144 1.95944 12.4959 1.35364 0 4.25381e-05
12000 262144 262144 1.96512 12.0035 1.36902 0 3.63351e-05
12100 262144 262144 1.89711 9.09054 1.24779 0 7.84866e-05
12200 262144 262144 1.91453 11.631 1.29242 0 5.85839e-05
12300 262144 262144 1.82389 10.5205 1.27466 0 4.02757e-05
12400 262144 262144 1.90043 9.9377 1.29559 0 3.2486e-05
12500 262144 262144 1.82126 10.7148 1.32349 0 3.80945e-05
12600 262144 262144 1.77555 10.5444 1.2848 0 3.72955e-05
12700 262144 262144 1.86568 9.86521 1.24923 0 2.8404e-05
12800 262144 262144 1.9159 12.9553 1.31376 -7.8762e-08 1.9947e-05
12900 262144 262144 1.8334 9.42253 1.21964 0 2.76194e-05
13000 262144 262144 1.88755 12.9716 1.26715 -5.81062e-06 4.09019e-05
13100 262144 262144 1.7511 9.26587 1.19447 -3.03136e-06 2.18798e-05
13200 262144 262144 1.74681 9.28531 1.21943 0 1.72176e-05
13300 262144 262144 1.72946 8.73664 1.17823 0 3.86743e-05
13400 262144 262144 1.77604 8.48959 1.18432 -2.8192e-06 2.16224e-05
13500 262144 262144 1.69936 7.73837 1.18407 -8.21791e-06 4.58451e-06
13600 262144 262144 1.73152 8.12941 1.16515 0 7.99785e-06
13700 262144 262144 1.75278 8.71064 1.22827 -1.67383e-05 8.70946e-06
13800 262144 262144 1.78542 10.0077 1.26318 0 1.3929e-05
13900 262144 262144 1.77411 10.3862 1.20579 0 2.57064e-05
14000 262144 262144 1.70718 9.18549 1.16536 0 5.2971e-05
14100 262144 262144 1.80867 11.8032 1.26954 -1.90857e-05 8.7626e-05
14200 262144 262144 1.74381 10.9163 1.22933 0 9.67054e-05
14300 262144 262144 1.697 9.90043 1.17241 0 5.09407e-05
14400 262144 262144 1.66713 9.47189 1.21826 0 4.80224e-05
14500 262144 262144 1.59679 8.76047 1.16656 -1.5676e-05 4.87428e-05
14600 262144 262144 1.8424 13.3222 1.32914 0 7.46302e-05
14700 262144 262144 1.79488 11.7484 1.28769 -2.741e-08 5.93679e-05
14800 262144 262144 1.67994 8.29099 1.15234 0 2.56775e-05
14900 262144 262144 1.78768 10.3224 1.22816 0 3.73946e-05
15000 262144 262144 1.69601 10.1751 1.17999 0 2.58425e-05
15100 262144 262144 1.69698 8.15324 1.16286 0 5.776e-05
15200 262144 262144 1.57892 7.88656 1.09196 0 6.79616e-05
15300 262144 262144 1.6533 11.4088 1.17473 0 6.06499e-05
15400 262144 262144 1.60191 9.17299 1.07106 -2.41132e-06 4.42803e-05
15500 262144 262144 1.60932 7.40331 1.11272 -6.20683e-06 3.93717e-05
15600 262144 262144 1.81823 11.8844 1.21518 0 6.10296e-05
15700 262144 262144 1.58921 7.44406 1.09286 0 5.89749e-05
15800 262144 262144 1.72423 12.1321 1.194 0 3.23198e-05
15900 262144 262144 1.66649 9.81271 1.11084 0 3.2858e-05
16000 262144 262144 1.63966 10.7245 1.12168 0 2.84722e-05
16100 262144 262144 1.6309 8.94823 1.07575 0 2.99999e-05
16200 262144 262144 1.6465 9.63682 1.13588 0 3.9083e-05
16300 262144 262144 1.75219 11.2514 1.18382 0 3.67737e-05
16400 262144 262144 1.65022 8.75701 1.10032 0 2.5266e-05
16500 262144 262144 1.68217 11.0825 1.08762 -1.2422e-05 4.33569e-05
16600 262144 262144 1.58765 10.1925 1.06929 -4.56628e-06 4.5707e-05
16700 262144 262144 1.53614 9.44925 1.01078 -1.54037e-05 4.89612e-05
16800 262144 262144 1.50972 8.7085 1.06188 0 3.23065e-05
16900 262144 262144 1.64396 9.13777 1.13645 0 4.23948e-05
17000 262144 262144 1.55567 6.18418 1.03176 0 1.93693e-05
17100 262144 262144 1.72114 10.3874 1.18161 0 2.79602e-05
17200 262144 262144 1.56976 9.29925 1.09051 0 6.11982e-05
17300 262144 262144 1.44394 11.1506 1.0535 0 6.6972e-05
17400 262144 262144 1.41008 7.65008 0.98434 0 6.57188e-05
17500 262144 262144 1.60019 9.46547 1.08797 0 5.5922e-05
17600 262144 262144 1.64991 8.63249 1.13198 -1.45094e-06 8.0471e-05
17700 262144 262144 1.74091 10.5272 1.19054 0 8.65498e-05
17800 262144 262144 1.44485 6.49988 0.969701 0 4.20498e-05
17900 262144 262144 1.56349 13.1627 1.11435 0 6.75328e-05
18000 262144 262144 1.31535 7.90611 0.877012 -9.37604e-07 5.70972e-05
18100 262144 262144 1.62705 13.4497 1.13693 -6.59256e-07 6.20678e-05
18200 262144 262144 1.61159 9.04634 1.08113 -4.51289e-06 5.30105e-05
18300 262144 262144 1.55396 6.88278 1.04575 0 4.4947e-05
18400 262144 262144 1.642 11.5483 1.18015 0 3.18823e-05
18500 262144 262144 1.43519 7.40373 0.955679 0 2.95865e-05
18600 262144 262144 1.63641 12.7211 1.05549 0 3.33658e-05
18700 262144 262144 1.49507 9.44655 1.01418 -2.75431e-05 3.28669e-05
18800 262144 262144 1.41146 5.51367 0.943315 0 4.888e-05
18900 262144 262144 1.4675 9.39163 0.992689 0 4.56325e-05
19000 262144 262144 1.38279 7.21214 0.871393 -2.19647e-05 5.95472e-05
19100 262144 262144 1.42342 9.71594 0.997966 0 9.16499e-05
19200 262144 262144 1.42013 7.77923 1.00567 0 4.36761e-05
19300 262144 262144 1.61301 11.3435 1.12667 0 3.24762e-05
19400 262144 262144 1.45279 5.35719 0.968254 0 5.63679e-05
19500 262144 262144 1.55522 8.54979 1.05609 0 4.36954e-05
19600 262144 262144 1.40718 8.52036 0.920429 -7.81405e-06 5.34497e-06
19700 262144 262144 1.44479 8.5214 0.982308 -1.07686e-06 1.98603e-05
19800 262144 262144 1.47619 9.59981 0.992742 0 1.66209e-05
19900 262144 262144 1.43137 7.40237 0.992109 0 4.52384e-05
20000 262144 262144 1.56638 7.52017 1.06158 0 2.87182e-05
20100 262144 262144 1.40334 5.8181 0.990002 0 3.50359e-05
20200 262144 262144 1.33144 6.67969 0.912966 0 3.61097e-05
20300 262144 262144 1.57707 12.6517 1.07844 0 3.3386e-05
20400 262144 262144 1.33609 8.49499 0.910401 -2.7704e-06 4.05567e-05
20500 262144 262144 1.33867 5.2711 0.927057 0 4.2613e-05
20600 262144 262144 1.45408 5.04608 0.928263 0 2.73431e-05
20700 262144 262144 1.5014 9.64665 0.995913 0 1.65318e-05
20800 262144 262144 1.36902 7.82242 0.867804 0 8.44363e-06
20900 262144 262144 1.46722 9.07159 0.92376 0 3.1238e-05
21000 262144 262144 1.49277 11.0228 0.934586 -1.44209e-06 3.3778e-05
21100 262144 262144 1.47971 9.20779 0.94811 -1.42864e-05 3.45719e-05
21200 262144 262144 1.48785 7.18151 0.959425 0 4.82005e-05
21300 262144 262144 1.37982 5.26979 0.95813 0 2.42687e-05
21400 262144 262144 1.33931 6.77281 0.974959 0 9.97482e-06
21500 262144 262144 1.62113 11.0071 1.09771 0 2.38706e-05
21600 262144 262144 1.39364 5.83436 0.993886 0 2.68915e-05
21700 262144 262144 1.65298 11.1463 1.08089 0 3.19784e-05
21800 262144 262144 1.32074 7.60486 0.952591 0 5.4489e-05
21900 262144 262144 1.17932 8.29099 0.820833 -2.24703e-05 7.46e-05
22000 262144 262144 1.30087 6.51004 0.885246 -1.87357e-05 5.92214e-05
22100 262144 262144 1.54953 7.59386 1.06988 0 2.00258e-05
22200 262144 262144 1.59835 2.74196 1.09912 0 1.62333e-05
22300 262144 262144 1.56217 5.03966 1.06877 0 2.08099e-05
22400 262144 262144 1.33891 7.46177 0.906775 -1.07122e-05 8.54477e-06
22500 262144 262144 1.12762 8.5297 0.756014 -3.76058e-05 3.91424e-06
22600 262144 262144 1.23748 11.2725 0.782785 -1.63872e-05 5.58744e-06
22700 262144 262144 1.4618 6.80583 0.96873 0 1.60428e-05
22800 262144 262144 1.91202 13.9229 1.27486 -1.00991e-05 2.86001e-05
22900 262144 262144 1.54715 3.37665 1.01417 0 1.73959e-05
23000 262144 262144 1.49592 6.86503 1.03316 0 1.01299e-05
23100 262144 262144 1.58093 13.4735 1.10666 0 2.2577e-05
23200 262144 262144 1.41084 9.29192 0.944737 0 3.05037e-05
23300 262144 262144 1.65086 9.33839 1.11136 0 3.59288e-05
23400 262144 262144 1.6537 6.5998 1.14678 0 4.13075e-05
23500 262144 262144 1.69218 7.88784 1.06701 0 2.56019e-05
23600 262144 262144 1.42905 10.7928 1.03023 -2.31702e-05 2.83391e-05
23700 262144 262144 1.26259 12.7146 0.874521 -1.4405e-05 5.72325e-05
23800 262144 262144 1.36204 10.4613 0.872448 -1.90728e-06 5.95309e-05
23900 262144 262144 1.52423 9.64366 1.06824 0 1.98056e-05
24000 262144 262144 1.70978 6.89675 1.13815 0 1.27938e-06
24100 262144 262144 1.80322 10.6832 1.20562 0 1.79003e-05
24200 262144 262144 1.25202 3.42275 0.82077 0 4.3837e-05
24300 262144 262144 1.28605 8.80841 0.845166 -2.29249e-05 3.77863e-05
24400 262144 262144 1.48585 7.21917 0.940628 -1.36858e-05 3.7845e-05
24500 262144 262144 1.52375 7.8983 1.05484 0 2.91851e-05
24600 262144 262144 1.54815 5.45132 1.11559 0 5.28247e-05
24700 262144 262144 1.58437 4.03384 1.07134 0 7.57603e-05
24800 262144 262144 1.26694 3.69593 0.942965 0 8.5439e-05
24900 262144 262144 1.36326 8.10258 0.966819 0 7.91198e-05
25000 262144 262144 1.5299 9.79066 1.03115 0 8.61446e-05
25100 262144 262144 1.62765 11.9105 1.09643 0 7.01052e-05
25200 262144 262144 1.63091 11.2101 1.12084 0 3.79195e-05
25300 262144 262144 1.47635 3.06859 0.957183 0 8.35861e-06
25400 262144 262144 1.53065 9.70117 1.07891 0 2.12184e-05
25500 262144 262144 1.2378 7.95845 0.828801 -8.19082e-06 2.55307e-05
25600 262144 262144 1.25088 8.74438 0.842513 0 3.12698e-05
25700 262144 262144 1.35262 7.25962 0.91234 0 4.90277e-05
25800 262144 262144 1.4028 2.86507 0.966453 0 6.44285e-05
25900 262144 262144 1.44881 4.94274 1.03492 0 4.96236e-05
26000 262144 262144 1.43414 11.1101 1.00166 0 2.51208e-05
26100 262144 262144 1.28648 7.32838 0.863301 0 3.85111e-05
26200 262144 262144 1.09044 8.30871 0.782068 -1.20856e-05 6.98754e-05
26300 262144 262144 1.20859 7.48589 0.862547 -1.33247e-05 0.000103006
26400 262144 262144 1.45231 5.85007 0.960644 0 3.7542e-05
26500 262144 262144 1.58545 5.95598 1.06912 0 3.94702e-05
26600 262144 262144 1.49042 3.65613 1.00753 0 3.46775e-05
26700 262144 262144 1.23217 5.98539 0.817348 0 1.46193e-05
26800 262144 262144 1.11784 7.09585 0.764136 -4.05667e-06 1.51723e-05
26900 262144 262144 1.28093 6.57716 0.842137 0 2.70736e-05
27000 262144 262144 1.44118 7.418 0.952129 0 1.22725e-05
27100 262144 262144 1.36252 5.25488 0.947366 0 2.09745e-06
27200 262144 262144 1.34536 8.10186 0.937723 0 2.51086e-05
27300 262144 262144 1.48055 8.97981 0.970591 0 1.31344e-05
27400 262144 262144 1.34684 8.30031 0.866061 -3.32929e-06 3.59851e-05
27500 262144 262144 1.17444 5.36508 0.723156 0 1.82349e-05
27600 262144 262144 1.32012 8.24047 0.87336 0 1.39023e-05
27700 262144 262144 1.32174 5.79151 0.861471 0 1.72525e-05
27800 262144 262144 1.38615 7.80716 0.904014 0 3.06683e-05
27900 262144 262144 1.12675 6.21096 0.782195 -2.2493e-05 2.48004e-05
28000 262144 262144 1.09669 2.85056 0.752696 0 4.1992e-05
28100 262144 262144 1.37036 7.39563 0.904125 0 2.01883e-05
28200 262144 262144 1.42561 8.5602 0.976559 0 2.77018e-05
28300 262144 262144 1.16294 7.06301 0.837455 0 2.74319e-05
28400 262144 262144 1.01478 5.04971 0.714805 0 1.23108e-05
28500 262144 262144 1.18752 7.21689 0.85582 0 1.40139e-05
28600 262144 262144 1.34376 9.71433 0.919825 0 3.83916e-05
28700 262144 262144 1.17994 5.36242 0.736337 0 6.74846e-05
28800 262144 262144 1.26601 5.87591 0.879364 0 8.51478e-05
28900 262144 262144 1.09647 5.53325 0.770257 -1.1107e-06 4.85126e-05
29000 262144 262144 1.1211 9.35789 0.849245 0 5.16519e-05
29100 262144 262144 0.991401 5.22553 0.752305 0 3.31381e-05
29200 262144 262144 1.11079 4.19439 0.743868 0 2.89286e-05
29300 262144 262144 1.3489 7.09699 0.85514 0 3.77317e-05
29400 262144 262144 1.48099 14.4616 0.943047 -1.41776e-05 4.98389e-05
29500 262144 262144 1.11779 6.25969 0.762167 0 4.77212e-05
29600 262144 262144 1.05267 4.0642 0.686917 0 3.20746e-05
29700 262144 262144 1.05145 3.89609 0.736665 0 2.92666e-05
29800 262144 262144 1.15031 7.88456 0.817366 0 4.3207e-05
29900 262144 262144 1.09873 5.36727 0.753824 0 6.65317e-05
30000 262144 262144 1.10324 3.50808 0.708378 -1.18654e-06 5.10978e-05
30100 262144 262144 1.23436 10.2586 0.864931 0 7.40952e-05
30200 262144 262144 1.0168 3.43097 0.679345 -5.7815e-07 3.48045e-05
30300 262144 262144 1.17778 9.77474 0.788097 -1.65056e-05 1.57845e-05
30400 262144 262144 0.910055 2.83199 0.573334 -1.28779e-05 1.60942e-05
30500 262144 262144 1.3483 2.87284 0.879209 0 2.45786e-05
30600 262144 262144 1.31451 1.74415 0.897317 0 4.0952e-05
30700 262144 262144 1.21624 9.86568 0.871003 0 5.94038e-05
30800 262144 262144 0.924122 5.70597 0.607666 0 5.15067e-05
30900 262144 262144 1.0035 6.81195 0.690285 0 3.5331e-05
31000 262144 262144 1.40812 10.615 0.876461 0 1.93983e-05
31100 262144 262144 1.35608 4.24246 0.895974 0 3.69694e-05
31200 262144 262144 1.4067 3.78044 0.933542 0 6.18453e-05
31300 262144 262144 1.32419 4.60649 0.931674 0 6.06808e-05
31400 262144 262144 1.22912 7.54563 0.881937 0 5.05262e-05
31500 262144 262144 1.14178 6.20314 0.789969 0 6.00428e-05
31600 262144 262144 1.12134 6.88838 0.740847 0 5.27222e-05
31700 262144 262144 1.08051 5.61907 0.722472 -1.46724e-05 4.45767e-05
31800 262144 262144 1.15324 5.8298 0.8158 0 4.36022e-05
31900 262144 262144 1.20787 4.51165 0.836634 0 5.39167e-05
32000 262144 262144 1.14814 4.97071 0.789392 0 1.46165e-05
32100 262144 262144 1.15416 4.07744 0.81907 0 8.71593e-06
32200 262144 262144 1.14376 4.79532 0.832196 0 9.07821e-06
32300 262144 262144 1.18886 8.63738 0.84735 0 1.64982e-05
32400 262144 262144 1.00573 3.18004 0.706547 0 1.10389e-05
32500 262144 262144 1.04873 6.03022 0.74025 0 2.4591e-05
32600 262144 262144 0.911074 5.38175 0.653618 0 3.69397e-05
32700 262144 262144 1.12498 8.37703 0.840034 0 3.08022e-05
32800 262144 262144 1.20522 6.00261 0.841326 0 3.25857e-05
32900 262144 262144 1.41987 7.35717 0.967167 0 4.51e-05
33000 262144 262144 1.37438 6.13348 0.946637 0 8.34497e-05
33100 262144 262144 1.505 10.4823 1.01329 0 4.55256e-05
33200 262144 262144 1.12561 5.24949 0.744613 0 5.19341e-05
33300 262144 262144 0.95887 5.0033 0.728377 0 5.05737e-05
33400 262144 262144 1.09687 6.02958 0.750366 0 4.93182e-05
33500 262144 262144 1.40715 13.9313 0.943853 -2.43079e-06 3.99863e-05
33600 262144 262144 1.35689 7.36272 0.948144 0 4.0045e-05
33700 262144 262144 1.34687 2.03281 0.94094 0 5.82628e-05
33800 262144 262144 1.08638 0.530287 0.770659 0 5.83486e-05
33900 262144 262144 1.12713 6.6381 0.757481 0 5.9506e-05
34000 262144 262144 0.981953 10.4092 0.695279 -8.55741e-07 7.48753e-05
34100 262144 262144 0.978678 10.1316 0.688181 -1.0028e-05 5.2678e-05
34200 262144 262144 1.24972 4.64243 0.842101 0 3.77262e-05
34300 262144 262144 1.61801 5.32057 1.11898 0 4.95184e-05
34400 262144 262144 1.56036 2.38415 1.04038 0 5.56599e-05
34500 262144 262144 1.2111 7.38863 0.848416 -1.56301e-05 8.25771e-06
34600 262144 262144 1.02362 8.38688 0.704851 -1.45184e-05 4.39384e-05
34700 262144 262144 1.12951 8.68521 0.811399 -5.46263e-06 4.51038e-05
34800 262144 262144 1.19472 7.79444 0.837758 0 2.54788e-05
34900 262144 262144 1.33312 7.6748 0.954949 0 6.39067e-05
35000 262144 262144 1.52461 5.26639 1.08448 0 6.1446e-05
35100 262144 262144 1.54801 5.60731 1.04487 0 5.62834e-05
35200 262144 262144 1.1442 3.92868 0.859571 0 3.57036e-05
35300 262144 262144 1.21315 7.25897 0.80831 0 9.70331e-06
35400 262144 262144 1.01495 3.29767 0.690596 -2.51331e-05 8.12479e-06
35500 262144 262144 1.27451 6.4996 0.912103 0 9.48947e-06
35600 262144 262144 1.20676 4.9664 0.795477 0 7.18404e-06
35700 262144 262144 1.13412 4.65959 0.746773 0 2.52471e-05
35800 262144 262144 1.36795 5.39091 0.951756 0 4.06269e-05
35900 262144 262144 1.21185 5.39667 0.880471 0 3.8792e-05
36000 262144 262144 1.19432 9.65236 0.891514 0 4.52823e-05
36100 262144 262144 1.06885 2.21448 0.734761 0 4.91797e-05
36200 262144 262144 1.56412 10.394 0.929667 0 3.56884e-05
36300 262144 262144 1.29929 4.32332 0.896611 0 2.01877e-05
36400 262144 262144 1.29037 5.95083 0.826389 -5.39803e-06 1.07928e-05
36500 262144 262144 1.06729 9.00291 0.728412 0 8.81791e-06
36600 262144 262144 1.06482 9.97054 0.733713 -4.41808e-06 2.17238e-05
36700 262144 262144 1.41009 10.3807 0.938964 0 1.78435e-05
36800 262144 262144 1.30038 4.81261 0.859561 0 1.80006e-05
36900 262144 262144 1.51975 9.58206 0.965336 0 7.84571e-06
37000 262144 262144 1.207 6.36604 0.780425 0 1.63679e-05
37100 262144 262144 1.06423 5.14805 0.68236 0 1.67169e-05
37200 262144 262144 1.32604 11.1953 0.848573 0 3.35345e-05
37300 262144 262144 0.993463 5.39047 0.656227 0 2.58655e-05
37400 262144 262144 1.16424 4.88861 0.759501 0 3.03465e-05
37500 262144 262144 1.27895 2.21615 0.877929 0 4.37415e-05
37600 262144 262144 1.55961 8.81591 1.00659 0 4.09758e-05
37700 262144 262144 1.00966 2.99279 0.69018 0 5.19926e-05
37800 262144 262144 1.23231 11.907 0.847675 0 3.97339e-05
37900 262144 262144 1.26575 10.4793 0.783749 0 5.17955e-05
38000 262144 262144 1.11165 7.04092 0.715202 0 3.80708e-05
38100 262144 262144 1.45597 11.1841 0.923101 0 3.11304e-05
38200 262144 262144 1.29065 3.79849 0.776607 0 4.6459e-05
38300 262144 262144 1.26698 4.33892 0.888242 0 3.50768e-05
38400 262144 262144 1.10702 4.81533 0.659171 -2.25871e-05 5.54458e-05
38500 262144 262144 1.06793 8.87069 0.763672 0 5.05931e-05
38600 262144 262144 1.08761 5.43427 0.720858 0 3.15203e-05
38700 262144 262144 1.27676 5.50064 0.842175 0 1.53321e-05
38800 262144 262144 1.19756 6.2211 0.850434 0 1.12098e-05
38900 262144 262144 1.02012 4.16461 0.706832 0 2.49523e-05
39000 262144 262144 1.23735 9.86653 0.917512 0 4.08596e-05
39100 262144 262144 1.27015 10.4855 0.851989 0 2.82946e-05
39200 262144 262144 0.974339 6.17335 0.680495 -1.47764e-05 1.09046e-05
39300 262144 262144 0.918823 5.46867 0.677598 0 1.90991e-05
39400 262144 262144 1.02204 7.30736 0.741115 0 3.36554e-05
39500 262144 262144 1.10858 4.89724 0.751201 -1.73148e-05 3.90959e-05
39600 262144 262144 1.20446 5.33173 0.83962 0 4.25839e-05
39700 262144 262144 1.10153 1.57522 0.796468 0 5.1679e-05
39800 262144 262144 0.993297 5.50291 0.738654 0 5.00845e-05
39900 262144 262144 0.776853 6.43718 0.559995 -1.74719e-05 3.70858e-05
40000 262144 262144 0.929034 10.3392 0.619763 -1.97692e-05 4.79636e-05
40100 262144 262144 1.25055 8.05568 0.857046 -1.11936e-06 4.85684e-05
40200 262144 262144 1.34863 1.04831 0.915246 0 4.87225e-05
40300 262144 262144 1.45717 2.23255 1.05666 0 5.4109e-05
40400 262144 262144 1.37503 2.55538 0.91426 0 4.8797e-05
40500 262144 262144 1.08734 9.09725 0.747941 -1.54335e-05 6.06552e-05
40600 262144 262144 0.804333 8.04344 0.543864 -3.37085e-05 5.87317e-05
40700 262144 262144 0.894341 8.8733 0.647404 -8.56494e-06 4.66589e-05
40800 262144 262144 1.33637 8.73973 0.94331 0 2.38161e-05
40900 262144 262144 1.62624 2.01604 1.11419 0 2.67346e-05
41000 262144 262144 1.87465 -1.52304 1.29686 0 4.33919e-05
41100 262144 262144 1.84465 5.59293 1.27548 0 4.61034e-05
41200 262144 262144 1.42634 13.0875 1.02231 0 6.20403e-05
41300 262144 262144 1.03309 14.7339 0.716288 -4.90326e-05 8.25865e-05
41400 262144 262144 0.957927 11.3692 0.670178 0 0.000105012
41500 262144 262144 1.45271 7.51248 0.970481 0 8.34483e-05
41600 262144 262144 2.11883 13.7053 1.44996 0 5.0012e-05
41700 262144 262144 1.95462 5.56639 1.36645 0 7.08224e-05
41800 262144 262144 1.92819 5.37043 1.33302 0 7.23359e-05
41900 262144 262144 1.56426 5.57807 1.18745 0 4.75831e-05
42000 262144 262144 1.45851 9.51762 0.961536 -1.58891e-05 2.17695e-05
42100 262144 262144 1.08998 3.71871 0.780659 -2.75315e-06 4.99356e-05
42200 262144 262144 1.46201 8.14068 1.07772 0 8.07873e-05
42300 262144 262144 1.68077 8.69086 1.14688 0 7.01133e-05
42400 262144 262144 1.79158 10.0358 1.25105 0 5.45466e-05
42500 262144 262144 1.56913 6.33493 1.09522 0 7.70384e-05
42600 262144 262144 1.65581 4.59889 1.1223 0 7.88395e-05
42700 262144 262144 1.72944 6.71619 1.15533 0 5.47597e-05
42800 262144 262144 1.63432 6.55723 1.10049 0 1.56515e-05
42900 262144 262144 1.6617 9.33444 1.09849 0 1.74945e-05
43000 262144 262144 1.58181 10.3367 1.02742 0 3.23215e-05
43100 262144 262144 1.47364 8.65146 1.02254 0 2.52973e-05
43200 262144 262144 1.31145 6.00105 0.906034 0 1.63249e-05
43300 262144 262144 1.44448 7.32705 1.02704 0 1.77455e-05
43400 262144 262144 1.57085 4.43365 1.12426 0 3.03531e-05
43500 262144 262144 1.63876 6.08466 1.1755 0 5.75218e-05
43600 262144 262144 1.6227 6.87732 1.15595 0 5.41993e-05
43700 262144 262144 1.65979 6.32926 1.17518 0 5.43258e-05
43800 262144 262144 1.30331 5.00431 0.984967 0 5.40453e-05
43900 262144 262144 1.39827 9.34624 0.941094 0 5.05807e-05
44000 262144 262144 1.44767 9.17099 1.02248 0 7.48924e-05
44100 262144 262144 1.45785 6.49504 1.03319 0 7.03283e-05
44200 262144 262144 1.49705 6.27797 1.03 0 7.16919e-05
44300 262144 262144 1.20547 5.22832 0.903495 0 6.1576e-05
44400 262144 262144 1.28258 7.59825 0.899567 0 2.54382e-05
44500 262144 262144 1.41652 10.6273 0.961385 0 2.06467e-05
44600 262144 262144 1.28737 6.08787 0.963487 0 2.02147e-05
44700 262144 262144 1.53404 9.81836 1.06932 0 4.14469e-05
44800 262144 262144 1.52384 8.94125 1.07629 0 5.80549e-05
44900 262144 262144 1.51479 5.66015 1.0948 0 4.81372e-05
45000 262144 262144 1.2767 4.13189 0.847627 0 5.84267e-05
45100 262144 262144 1.33723 10.9516 0.964292 0 5.90935e-05
45200 262144 262144 1.27858 9.04596 0.923803 0 6.47737e-05
45300 262144 262144 1.02767 4.63526 0.756735 -3.13065e-05 9.34515e-05
45400 262144 262144 1.24902 5.38652 0.879774 0 0.000100619
45500 262144 262144 1.58154 10.5358 1.08035 0 9.41076e-05
45600 262144 262144 1.49992 6.50259 1.06968 0 7.70122e-05
45700 262144 262144 1.50801 8.52784 1.03652 0 4.81439e-05
45800 262144 262144 0.91288 3.19661 0.630761 -5.98897e-07 7.24151e-05
45900 262144 262144 0.985995 7.88814 0.655284 -7.58158e-06 5.6944e-05
46000 262144 262144 1.15167 7.3689 0.776681 0 6.81472e-05
46100 262144 262144 1.33178 1.14411 0.96058 0 6.75339e-05
46200 262144 262144 1.80958 10.1226 1.23768 0 3.69172e-05
46300 262144 262144 1.64203 9.26732 1.10623 0 4.94739e-05
46400 262144 262144 1.32147 6.71742 0.946172 0 3.007e-05
46500 262144 262144 1.27291 9.80509 0.809935 -2.54666e-05 3.21384e-05
46600 262144 262144 1.05562 11.3842 0.741442 -1.22406e-05 5.04545e-05
46700 262144 262144 1.00578 9.10261 0.696228 0 4.0343e-05
46800 262144 262144 1.35949 5.95837 0.854241 0 4.73898e-05
46900 262144 262144 1.65306 5.07307 1.17609 0 6.46861e-05
47000 262144 262144 1.59673 1.77888 1.09794 0 2.60146e-05
47100 262144 262144 1.37194 4.20826 0.985999 0 4.66838e-06
47200 262144 262144 1.20499 7.87305 0.863503 0 1.52187e-05
47300 262144 262144 1.10544 7.97979 0.714621 -2.04927e-06 2.4909e-05
47400 262144 262144 1.12599 7.57326 0.766618 -1.66046e-05 2.59753e-05
47500 262144 262144 1.35993 8.68358 0.904864 0 1.12008e-05
47600 262144 262144 1.5724 8.96872 1.08146 0 1.38642e-05
47700 262144 262144 1.40493 1.42007 1.01338 0 8.67825e-06
47800 262144 262144 1.4741 7.56538 0.999012 0 3.50816e-05
47900 262144 262144 1.17692 8.87441 0.857721 0 2.44674e-05
48000 262144 262144 1.08207 11.3733 0.808688 -3.82478e-05 6.28086e-05
48100 262144 262144 1.07899 10.363 0.760487 -2.13973e-05 6.63533e-05
48200 262144 262144 1.35778 9.70788 0.950897 0 4.52445e-05
48300 262144 262144 1.68001 4.79463 1.19081 0 5.05036e-05
48400 262144 262144 1.6526 2.62438 1.13836 0 5.40187e-05
48500 262144 262144 1.50533 8.55241 1.05838 0 5.46849e-05
48600 262144 262144 1.00983 3.39066 0.701666 -6.15834e-06 3.93878e-05
48700 262144 262144 1.0825 10.0367 0.716166 -7.59433e-06 2.00802e-05
48800 262144 262144 1.23603 13.903 0.888595 0 1.09824e-05
48900 262144 262144 1.52141 10.0405 1.02853 0 9.08466e-06
49000 262144 262144 1.49098 5.46869 0.994585 0 1.50124e-05
49100 262144 262144 1.48151 1.32031 0.976607 0 2.00127e-05
49200 262144 262144 1.47399 3.87836 1.02172 0 5.19879e-05
49300 262144 262144 1.1579 3.61182 0.794337 0 3.32903e-05
49400 262144 262144 1.35364 11.835 0.909173 0 4.71723e-05
49500 262144 262144 1.08623 7.35907 0.767541 0 6.35487e-05
49600 262144 262144 1.29595 12.0677 0.906569 -1.06693e-07 6.26106e-05
49700 262144 262144 1.45438 5.29344 1.02042 0 4.52496e-05
49800 262144 262144 1.6015 5.2633 1.06008 0 3.52665e-05
49900 262144 262144 1.43393 4.15749 0.96728 0 4.5725e-05
50000 262144 262144 1.21873 7.59872 0.865349 0 4.81079e-05
50100 262144 262144 1.44056 13.88 1.03186 0 3.80977e-05
50200 262144 262144 1.28706 8.11344 0.880613 0 3.55911e-05
50300 262144 262144 1.09377 8.6374 0.783822 -2.55078e-06 3.55422e-05
50400 262144 262144 1.17696 7.52205 0.757419 -4.72087e-06 4.43588e-05
50500 262144 262144 1.50553 7.17093 0.984176 0 1.51767e-05
50600 262144 262144 1.66666 6.27469 1.16299 0 2.20364e-05
50700 262144 262144 1.65984 9.13809 1.17133 0 3.47962e-05
50800 262144 262144 1.31457 7.27795 0.896316 0 4.23379e-05
50900 262144 262144 1.07791 10.2078 0.77263 -1.18611e-05 1.87213e-05
51000 262144 262144 0.819557 10.8127 0.574778 -3.13938e-05 2.05933e-05
51100 262144 262144 1.06437 11.0105 0.746739 0 3.51428e-05
51200 262144 262144 1.78704 7.44304 1.22595 0 3.74062e-05
51300 262144 262144 1.98747 4.70067 1.36169 0 4.59391e-05
51400 262144 262144 2.11836 13.2169 1.4354 0 1.53328e-05
51500 262144 262144 1.46668 4.57676 1.02373 0 1.8607e-05
51600 262144 262144 1.12513 5.55918 0.743091 -1.71391e-05 2.85921e-05
51700 262144 262144 1.22437 9.38783 0.81674 0 5.08416e-05
51800 262144 262144 1.32798 7.57261 0.893789 0 6.90875e-05
51900 262144 262144 1.40883 4.01819 0.953248 0 5.70736e-05
52000 262144 262144 1.80122 9.8249 1.20829 0 3.27122e-05
52100 262144 262144 1.66951 9.56928 1.11761 0 4.54893e-05
52200 262144 262144 1.42879 7.93156 1.04974 0 5.95574e-05
52300 262144 262144 1.61006 11.9997 1.13437 0 6.69567e-05
52400 262144 262144 1.47388 7.58719 1.01409 0 4.35906e-05
52500 262144 262144 1.39821 8.43116 0.995877 0 7.31134e-05
52600 262144 262144 1.31625 4.95088 0.963537 0 8.59568e-05
52700 262144 262144 1.56475 7.12011 1.08918 -8.29594e-06 9.86381e-05
52800 262144 262144 1.65009 8.18876 1.11119 0 5.19173e-05
52900 262144 262144 1.47095 5.23859 1.05566 0 7.9516e-05
53000 262144 262144 1.74873 8.32206 1.20555 0 5.4692e-05
53100 262144 262144 1.67422 4.92333 1.20176 0 4.60065e-05
53200 262144 262144 1.35238 1.7737 0.947827 0 3.38682e-05
53300 262144 262144 1.52694 13.6218 1.093 0 6.56897e-05
53400 262144 262144 1.18743 11.3534 0.871875 0 6.68779e-05
53500 262144 262144 0.986689 6.13324 0.720335 -8.98123e-06 4.231e-05
53600 262144 262144 1.48795 7.09255 1.05951 0 3.92263e-05
53700 262144 262144 1.77515 8.22104 1.23505 0 5.59525e-05
53800 262144 262144 1.26703 5.36693 0.938181 0 5.09461e-05
53900 262144 262144 1.15637 3.39555 0.825494 0 5.34329e-05
54000 262144 262144 1.38601 6.0604 0.985645 0 5.58515e-05
54100 262144 262144 1.40528 5.17228 1.01085 0 5.7043e-05
54200 262144 262144 1.40302 2.77914 1.00939 0 4.94905e-05
54300 262144 262144 1.46614 6.40339 1.01381 0 5.86196e-05
54400 262144 262144 1.09496 6.77732 0.781904 0 6.81817e-05
54500 262144 262144 1.28864 11.5093 0.860553 0 6.43993e-05
54600 262144 262144 1.1179 5.56507 0.754721 -1.23025e-06 4.00641e-05
54700 262144 262144 1.35561 6.74197 0.922774 -4.53454e-06 4.75589e-05
54800 262144 262144 1.53859 6.11098 1.05566 0 5.58385e-05
54900 262144 262144 1.66371 7.5189 1.09483 0 7.08308e-05
55000 262144 262144 1.35285 6.23646 0.938381 0 5.48986e-05
55100 262144 262144 1.17313 3.27204 0.775457 0 5.91769e-05
55200 262144 262144 1.20036 7.48466 0.817103 -6.13304e-06 3.96121e-05
55300 262144 262144 1.17321 1.60295 0.809142 0 3.25017e-05
55400 262144 262144 1.62052 7.53066 1.0595 0 4.57205e-05
55500 262144 262144 1.29769 4.48213 0.961849 0 4.63704e-05
55600 262144 262144 1.34222 6.28795 0.890409 0 2.91368e-05
55700 262144 262144 1.23195 8.9458 0.819127 -3.23901e-06 3.01983e-05
55800 262144 262144 0.968138 6.29126 0.650451 -2.43547e-05 1.77681e-05
55900 262144 262144 1.08222 4.85491 0.723039 0 2.57056e-05
56000 262144 262144 1.2761 2.53429 0.835955 -7.90305e-06 4.62825e-05
56100 262144 262144 1.23829 3.22102 0.882583 0 3.41854e-05
56200 262144 262144 1.37824 3.98156 0.936648 0 2.26566e-05
56300 262144 262144 1.37269 6.8602 0.962229 0 7.4997e-06
56400 262144 262144 1.34766 4.31178 0.925836 0 1.71102e-05
56500 262144 262144 1.3571 6.78447 0.941024 0 1.26827e-05
56600 262144 262144 1.12433 5.69916 0.826736 0 1.58309e-05
56700 262144 262144 0.968162 7.52006 0.700701 -2.58922e-06 2.24948e-05
56800 262144 262144 1.1165 8.2526 0.790234 -1.46481e-05 2.9501e-05
56900 262144 262144 1.22331 8.38425 0.829848 0 3.85334e-05
57000 262144 262144 1.30909 3.61873 0.905058 0 2.96368e-05
57100 262144 262144 1.59474 9.40974 1.08398 0 2.92909e-05
57200 262144 262144 1.40398 6.09376 0.94334 0 1.91447e-05
57300 262144 262144 1.26518 3.52798 0.885277 0 3.65028e-05
57400 262144 262144 1.20156 4.09358 0.827876 -7.6589e-06 3.91622e-05
57500 262144 262144 1.04691 1.31552 0.680563 -4.42628e-05 3.77102e-05
57600 262144 262144 1.08408 7.65012 0.716092 -2.87731e-06 2.97939e-05
57700 262144 262144 1.09928 4.3531 0.711415 0 3.43545e-05
57800 262144 262144 1.27192 6.48253 0.868478 0 2.35915e-05
57900 262144 262144 1.3292 3.60099 0.876482 0 3.29146e-05
58000 262144 262144 1.3979 7.8513 0.99031 0 3.43852e-05
58100 262144 262144 0.962564 0.943079 0.606791 -9.69989e-07 6.04677e-05
58200 262144 262144 1.04331 5.78292 0.729535 -3.68853e-06 7.89977e-05
58300 262144 262144 1.02578 9.02852 0.692214 -9.42216e-06 8.68238e-05
58400 262144 262144 1.0869 7.52437 0.700116 -1.33846e-05 5.95601e-05
58500 262144 262144 1.16605 3.80444 0.800091 0 7.08919e-05
58600 262144 262144 1.3915 2.72198 0.898695 0 6.69338e-05
58700 262144 262144 1.69781 5.40738 1.15835 0 5.51102e-05
58800 262144 262144 1.22279 -0.155371 0.811583 0 6.83658e-05
58900 262144 262144 1.30803 11.826 0.893399 0 4.36423e-05
59000 262144 262144 1.04688 9.85952 0.669938 -1.1435e-05 1.73783e-05
59100 262144 262144 0.929059 8.95784 0.586266 -9.4018e-06 1.34488e-05
59200 262144 262144 1.23064 10.8124 0.81938 0 2.45527e-05
59300 262144 262144 1.40003 3.74979 0.907178 0 3.99278e-05
59400 262144 262144 1.87741 8.06305 1.29378 0 4.37102e-05
59500 262144 262144 1.81299 2.46468 1.21362 0 1.89452e-05
59600 262144 262144 1.47914 1.50173 1.01154 0 3.45489e-05
59700 262144 262144 1.39496 13.0846 0.976439 0 2.60856e-05
59800 262144 262144 1.04319 10.5177 0.69384 0 2.75718e-05
59900 262144 262144 1.59408 16.7193 1.03333 0 1.37139e-05
60000 262144 262144 1.49237 6.86554 1.03811 0 2.49157e-05
60100 262144 262144 1.64627 7.66073 1.14173 0 4.04625e-05
60200 262144 262144 1.60701 7.99759 1.18185 0 4.74955e-05
60300 262144 262144 1.30716 5.945 0.903823 0 3.54049e-05
60400 262144 262144 1.11738 9.57853 0.842285 -1.2149e-05 7.2028e-05
60500 262144 262144 1.3288 12.0087 0.960351 -8.30834e-06 8.43259e-05
60600 262144 262144 1.22347 4.15209 0.900199 0 0.000109724
60700 262144 262144 1.43246 2.44462 1.04372 0 9.12923e-05
60800 262144 262144 1.82414 7.30981 1.30044 0 8.72064e-05
60900 262144 262144 1.51609 8.53888 1.09505 0 5.18864e-05
61000 262144 262144 1.19102 4.61353 0.769212 -2.97664e-05 4.86574e-05
61100 262144 262144 1.23544 6.18825 0.837031 0 5.57158e-05
61200 262144 262144 1.35548 11.6084 0.9324 -1.53202e-05 6.01734e-05
61300 262144 262144 1.36305 5.70875 0.927847 0 5.23182e-05
61400 262144 262144 1.57147 9.93299 1.03726 0 7.09197e-05
61500 262144 262144 1.47667 6.77099 1.06703 0 8.23077e-05
61600 262144 262144 1.49216 3.31288 1.09276 0 9.38143e-05
61700 262144 262144 1.51186 5.94558 1.03481 0 5.72835e-05
61800 262144 262144 1.24193 6.33855 0.891246 0 6.46608e-05
61900 262144 262144 1.13731 5.06587 0.752673 -2.81597e-06 5.42595e-05
62000 262144 262144 1.28894 7.94648 0.836935 -6.08646e-06 4.60544e-05
62100 262144 262144 1.29137 4.48389 0.892899 0 1.32005e-05
62200 262144 262144 1.5858 4.57139 1.09943 0 2.77332e-05
62300 262144 262144 1.65705 3.85219 1.10451 0 2.61717e-05
62400 262144 262144 1.51045 7.08832 1.05613 0 3.56668e-05
